0	5	1	0	0
0.001	5	1	-0.000108953	-2.17907e-05
0.0055	5	1	-0.000599244	-0.000119849
0.02575	4.99996	0.999993	-0.00280555	-0.00056111
0.116875	4.99926	0.999851	-0.0127339	-0.00254679
0.526938	4.98487	0.996975	-0.0574116	-0.0114823
2.37222	4.69344	0.938687	-0.258461	-0.0516923
4.03297	4.11394	0.822789	-0.439406	-0.0878812
5.52765	3.33547	0.667094	-0.602256	-0.120451
5.97188	3.05718	0.611436	-0.650656	-0.130131
6.37168	2.78824	0.557647	-0.695606	-0.139121
6.83273	2.45352	0.490705	-0.759032	-0.151806
7.27595	2.10011	0.420022	-0.83992	-0.167984
7.60387	1.81205	0.362409	-0.92098	-0.184196
7.86248	1.56331	0.312662	-1.00686	-0.201373
8.06759	1.34787	0.269574	-1.09844	-0.219687
8.23024	1.16165	0.23233	-1.19617	-0.239234
8.35931	1.00086	0.200172	-1.30061	-0.260121
8.46178	0.862142	0.172428	-1.41233	-0.282466
8.54319	0.742546	0.148509	-1.53195	-0.306391
8.60789	0.639485	0.127897	-1.66013	-0.332026
8.65934	0.550704	0.110141	-1.79756	-0.359513
8.70029	0.474241	0.0948482	-1.945	-0.389
8.73288	0.408397	0.0816793	-2.10324	-0.420648
8.75884	0.351699	0.0703399	-2.27316	-0.454631
8.77953	0.302877	0.0605755	-2.45568	-0.491135
8.79602	0.260834	0.0521667	-2.65181	-0.530362
8.80918	0.224621	0.0449243	-2.86264	-0.572529
8.81968	0.193425	0.038685	-3.08937	-0.617874
8.82807	0.166542	0.0333085	-3.33329	-0.666658
8.83477	0.143368	0.0286736	-3.59583	-0.719166
8.84013	0.12338	0.024676	-3.87859	-0.775717
8.84442	0.10613	0.021226	-4.18334	-0.836668
8.84785	0.0912296	0.0182459	-4.51213	-0.902427
8.8506	0.0783445	0.0156689	-4.86734	-0.973467
8.85281	0.0671846	0.0134369	-5.25178	-1.05036
8.85459	0.0574978	0.0114996	-5.66898	-1.1338
8.85602	0.0490626	0.00981253	-6.12351	-1.2247
8.85719	0.0416811	0.00833623	-6.62172	-1.32434
8.85813	0.0351689	0.00703378	-7.17334	-1.43467
8.85891	0.0293359	0.00586717	-7.79568	-1.55914
8.85958	0.0239247	0.00478493	-8.52872	-1.70574
8.86022	0.018151	0.0036302	-9.55056	-1.91011
8.86061	0.0142151	0.00284302	-10.4405	-2.0881
8.86079	0.0123584	0.00247167	-10.9242	-2.18485
8.86103	0.00962685	0.00192537	-11.7062	-2.34125
8.86129	0.0064533	0.00129066	-12.6668	-2.53337
8.86157	0.00280703	0.000561407	-13.59	-2.71801
8.86181	-0.000512171	-0.000102434	-13.8511	-2.77022
8.86195	-0.0024567	-0.000491339	-13.651	-2.7302
8.86213	-0.00494405	-0.00098881	-13.0967	-2.61934
8.86234	-0.00752442	-0.00150488	-12.344	-2.4688
8.86269	-0.0116372	-0.00232744	-11.1231	-2.22463
8.86304	-0.0153663	-0.00307327	-10.1616	-2.03231
8.86358	-0.0205993	-0.00411986	-9.08096	-1.81619
8.86423	-0.0261546	-0.00523091	-8.20478	-1.64096
8.86496	-0.0318808	-0.00637616	-7.50622	-1.50124
8.86585	-0.038294	-0.00765879	-6.8929	-1.37858
8.86696	-0.0456224	-0.00912448	-6.34178	-1.26836
8.86835	-0.05408	-0.010816	-5.84102	-1.1682
8.87011	-0.063897	-0.0127794	-5.38314	-1.07663
8.87232	-0.0753347	-0.0150669	-4.96282	-0.992565
8.87513	-0.0886947	-0.0177389	-4.576	-0.915201
8.87869	-0.104329	-0.0208658	-4.21938	-0.843875
8.88322	-0.122651	-0.0245302	-3.89018	-0.778036
8.88898	-0.144146	-0.0288292	-3.58602	-0.717205
8.89633	-0.169386	-0.0338771	-3.30481	-0.660963
8.90569	-0.199045	-0.039809	-3.04467	-0.608935
8.91764	-0.233921	-0.0467841	-2.80392	-0.560784
8.93292	-0.274952	-0.0549905	-2.58102	-0.516204
8.95245	-0.323251	-0.0646503	-2.37457	-0.474914
8.97747	-0.380129	-0.0760258	-2.18329	-0.436657
9.00953	-0.447135	-0.089427	-2.00598	-0.401197
9.05067	-0.526097	-0.105219	-1.84157	-0.368314
9.10352	-0.61917	-0.123834	-1.68903	-0.337806
9.17148	-0.728892	-0.145778	-1.54742	-0.309484
9.259	-0.858244	-0.171649	-1.41586	-0.283173
9.37183	-1.01072	-0.202144	-1.29355	-0.258709
9.51749	-1.19039	-0.238079	-1.1797	-0.23594
9.70276	-1.39875	-0.27975	-1.07505	-0.215011
9.93678	-1.6385	-0.3277	-0.979023	-0.195805
10.2318	-1.91358	-0.382717	-0.890533	-0.178107
10.6028	-2.22804	-0.445607	-0.808686	-0.161737
11.0684	-2.58597	-0.517194	-0.732686	-0.146537
11.3079	-2.7576	-0.55152	-0.70103	-0.140206
11.5176	-2.902	-0.580401	-0.676326	-0.135265
11.9484	-3.18314	-0.636628	-0.629281	-0.125856
12.3791	-3.44407	-0.688814	-0.582355	-0.116471
14.3172	-4.36813	-0.873625	-0.371186	-0.0742372
23.0389	-3.46155	-0.69231	0.579075	0.115815
23.5856	-3.12869	-0.625738	0.638639	0.127728
23.8345	-2.96639	-0.593277	0.665753	0.133151
24.3933	-2.576	-0.5152	0.734634	0.146927
24.9521	-2.14053	-0.428106	0.829825	0.165965
25.2795	-1.85677	-0.371353	0.907325	0.181465
25.5493	-1.60097	-0.320195	0.992722	0.198544
25.7621	-1.38057	-0.276113	1.0833	0.216659
25.931	-1.18988	-0.237977	1.18	0.236
26.0649	-1.02523	-0.205045	1.28332	0.256663
26.1713	-0.883156	-0.176631	1.39382	0.278764
26.2558	-0.760658	-0.152132	1.51213	0.302425
26.3229	-0.65509	-0.131018	1.63888	0.327775
26.3763	-0.564144	-0.112829	1.77477	0.354953
26.4188	-0.485815	-0.097163	1.92053	0.384107
26.4526	-0.418363	-0.0836725	2.07698	0.415395
26.4795	-0.360281	-0.0720561	2.24495	0.448989
26.501	-0.310267	-0.0620533	2.42537	0.485073
26.5181	-0.267197	-0.0534394	2.61923	0.523846
26.5317	-0.230103	-0.0460205	2.82761	0.565523
26.5426	-0.198148	-0.0396295	3.05169	0.610339
26.5513	-0.170612	-0.0341225	3.29275	0.658549
26.5583	-0.146877	-0.0293754	3.55218	0.710436
26.5638	-0.126407	-0.0252815	3.83156	0.766312
26.5683	-0.108743	-0.0217487	4.13264	0.826527
26.5718	-0.0934881	-0.0186976	4.4574	0.89148
26.5747	-0.0802987	-0.0160597	4.80817	0.961633
26.577	-0.0688786	-0.0137757	5.18768	1.03754
26.5788	-0.0589699	-0.011794	5.59932	1.11986
26.5803	-0.0503468	-0.0100694	6.04746	1.20949
26.5815	-0.042808	-0.0085616	6.53808	1.30762
26.5825	-0.0361679	-0.00723358	7.0802	1.41604
26.5833	-0.0302396	-0.00604791	7.68938	1.53788
26.584	-0.0247857	-0.00495715	8.39962	1.67992
26.5846	-0.0192194	-0.00384387	9.33841	1.86768
26.5851	-0.014263	-0.0028526	10.4286	2.08572
26.5852	-0.0125809	-0.00251618	10.8641	2.17282
26.5855	-0.00986138	-0.00197228	11.6364	2.32727
26.5857	-0.00676349	-0.0013527	12.5742	2.51485
26.586	-0.00311887	-0.000623773	13.5303	2.70606
26.5863	0.000910462	0.000182092	13.8308	2.76616
26.5865	0.00298565	0.00059713	13.5564	2.71128
26.5866	0.00543411	0.00108682	12.962	2.5924
26.5869	0.00813713	0.00162743	12.1572	2.43144
26.5873	0.0127538	0.00255076	10.8177	2.16355
26.5877	0.0168998	0.00337995	9.81432	1.96286
26.5883	0.0227767	0.00455534	8.7093	1.74186
26.589	0.0282816	0.00565632	7.925	1.585
26.5898	0.0342392	0.00684784	7.26322	1.45264
26.5907	0.0409774	0.00819548	6.67555	1.33511
26.5919	0.0487119	0.00974239	6.14478	1.22896
26.5935	0.0576609	0.0115322	5.66116	1.13223
26.5954	0.068065	0.013613	5.21819	1.04364
26.5978	0.0801998	0.01604	4.81112	0.962224
26.6009	0.0943851	0.018877	4.4362	0.887241
26.6048	0.110995	0.022199	4.09037	0.818075
26.6097	0.130469	0.0260938	3.77102	0.754204
26.6161	0.153323	0.0306647	3.47587	0.695175
26.6241	0.180168	0.0360336	3.20293	0.640587
26.6344	0.211721	0.0423442	2.9504	0.59008
26.6475	0.248832	0.0497664	2.71665	0.54333
26.6643	0.292502	0.0585004	2.5002	0.50004
26.6858	0.343916	0.0687832	2.2997	0.45994
26.7133	0.404471	0.0808942	2.1139	0.42278
26.7485	0.475818	0.0951636	1.94165	0.388331
26.7938	0.559904	0.111981	1.7819	0.356379
26.852	0.659025	0.131805	1.63365	0.326729
26.9268	0.775879	0.155176	1.49599	0.299197
27.0233	0.913636	0.182727	1.36806	0.273612
27.1477	1.076	0.215201	1.24907	0.249814
27.308	1.26697	0.253395	1.13844	0.227688
27.5107	1.48687	0.297375	1.03728	0.207455
27.7665	1.73974	0.347948	0.944255	0.188851
28.0888	2.02947	0.405894	0.858419	0.171684
28.4937	2.36015	0.47203	0.778909	0.155782
29.0013	2.73588	0.547175	0.704964	0.140993
29.2073	2.87852	0.575703	0.680309	0.136062
29.5136	3.0817	0.616341	0.646795	0.129359
29.8198	3.27467	0.654935	0.613429	0.122686
31.1979	4.01658	0.803316	0.46328	0.092656
37.3994	4.79452	0.958905	-0.212389	-0.0424777
38.5156	4.48956	0.897913	-0.334009	-0.0668018
39.5203	4.09902	0.819805	-0.443467	-0.0886935
40.4244	3.65352	0.730703	-0.54198	-0.108396
41.2382	3.1764	0.635281	-0.630641	-0.126128
41.5667	2.96334	0.592668	-0.666436	-0.133287
41.9057	2.73089	0.546178	-0.70595	-0.14119
42.2806	2.45672	0.491344	-0.758569	-0.151714
42.7361	2.09329	0.418657	-0.841837	-0.168367
43.0604	1.80781	0.361561	-0.922465	-0.184493
43.3182	1.55943	0.311886	-1.0085	-0.2017
43.5225	1.34452	0.268904	-1.10016	-0.220031
43.6845	1.15875	0.23175	-1.19799	-0.239598
43.8131	0.998348	0.19967	-1.30254	-0.260508
43.9151	0.859972	0.171994	-1.41439	-0.282878
43.9962	0.740672	0.148134	-1.53415	-0.306829
44.0607	0.637868	0.127574	-1.66247	-0.332494
44.1119	0.549309	0.109862	-1.80006	-0.360012
44.1527	0.473038	0.0946077	-1.94767	-0.389534
44.1852	0.40736	0.081472	-2.1061	-0.42122
44.211	0.350806	0.0701612	-2.27622	-0.455244
44.2317	0.302108	0.0604215	-2.45896	-0.491792
44.2481	0.26017	0.052034	-2.65533	-0.531066
44.2612	0.22405	0.0448099	-2.86642	-0.573285
44.2717	0.192932	0.0385865	-3.09343	-0.618686
44.28	0.166117	0.0332235	-3.33765	-0.667531
44.2867	0.143001	0.0286003	-3.60052	-0.720105
44.292	0.123064	0.0246128	-3.88364	-0.776728
44.2963	0.105857	0.0211713	-4.18878	-0.837757
44.2997	0.0909935	0.0181987	-4.51801	-0.903601
44.3025	0.0781401	0.015628	-4.87368	-0.974736
44.3047	0.0670074	0.0134015	-5.25865	-1.05173
44.3064	0.0573438	0.0114688	-5.67645	-1.13529
44.3079	0.0489282	0.00978563	-6.13166	-1.22633
44.309	0.041563	0.00831261	-6.63068	-1.32614
44.31	0.035064	0.00701281	-7.18334	-1.43667
44.3107	0.0292407	0.00584815	-7.80713	-1.56143
44.3114	0.0238333	0.00476665	-8.54275	-1.70855
44.312	0.0180293	0.00360587	-9.57548	-1.9151
44.3124	0.0142321	0.00284643	-10.4363	-2.08726
44.3126	0.0123571	0.00247143	-10.9246	-2.18492
44.3128	0.00962747	0.00192549	-11.7061	-2.34121
44.3131	0.00645404	0.00129081	-12.6666	-2.53333
44.3134	0.00280779	0.000561558	-13.5899	-2.71798
44.3136	-0.000512984	-0.000102597	-13.8511	-2.77022
44.3138	-0.00245817	-0.000491634	-13.6508	-2.73015
44.3139	-0.00494535	-0.000989071	-13.0964	-2.61927
44.3141	-0.00752601	-0.0015052	-12.3435	-2.4687
44.3145	-0.0116417	-0.00232834	-11.1219	-2.22438
44.3149	-0.0153732	-0.00307465	-10.1599	-2.03199
44.3154	-0.0206113	-0.00412226	-9.07882	-1.81576
44.316	-0.0261656	-0.00523312	-8.20328	-1.64066
44.3168	-0.0318929	-0.00637859	-7.50493	-1.50099
44.3177	-0.0383077	-0.00766154	-6.89175	-1.37835
44.3188	-0.0456382	-0.00912765	-6.34075	-1.26815
44.3202	-0.0540983	-0.0108197	-5.84008	-1.16802
44.3219	-0.0639184	-0.0127837	-5.38228	-1.07646
44.3241	-0.0753597	-0.0150719	-4.96204	-0.992408
44.3269	-0.088724	-0.0177448	-4.57528	-0.915057
44.3305	-0.104364	-0.0208727	-4.21872	-0.843743
44.335	-0.122691	-0.0245383	-3.88957	-0.777915
44.3408	-0.144193	-0.0288387	-3.58547	-0.717094
44.3482	-0.169442	-0.0338883	-3.3043	-0.660861
44.3575	-0.199111	-0.0398222	-3.04421	-0.608842
44.3695	-0.233999	-0.0467997	-2.80349	-0.560699
44.3848	-0.275045	-0.0550089	-2.58063	-0.516126
44.4043	-0.323361	-0.0646721	-2.37422	-0.474843
44.4293	-0.380259	-0.0760518	-2.18297	-0.436593
44.4614	-0.447289	-0.0894578	-2.0057	-0.401139
44.5026	-0.52628	-0.105256	-1.84131	-0.368262
44.5554	-0.619388	-0.123878	-1.6888	-0.33776
44.6235	-0.729153	-0.145831	-1.54722	-0.309443
44.711	-0.858556	-0.171711	-1.41569	-0.283138
44.8239	-1.01109	-0.202219	-1.29339	-0.258679
44.9696	-1.19084	-0.238169	-1.17957	-0.235914
45.155	-1.39928	-0.279857	-1.07495	-0.21499
45.3891	-1.63913	-0.327827	-0.978948	-0.19579
45.6843	-1.91434	-0.382868	-0.890482	-0.178096
46.0555	-2.22894	-0.445788	-0.808659	-0.161732
46.5213	-2.58705	-0.51741	-0.732681	-0.146536
46.7694	-2.76465	-0.55293	-0.699998	-0.14
47.0343	-2.94596	-0.589193	-0.66933	-0.133866
47.2992	-3.11947	-0.623894	-0.640464	-0.128093
48.4915	-3.80562	-0.761123	-0.510567	-0.102113
53.8565	-4.97679	-0.995358	0.0739715	0.0147943
58.685	-3.34951	-0.669902	0.600056	0.120011
58.9765	-3.16996	-0.633992	0.631817	0.126363
59.2163	-3.01533	-0.603066	0.657942	0.131588
59.515	-2.81392	-0.562784	0.691393	0.138279
59.8429	-2.58042	-0.516084	0.733937	0.146787
60.35	-2.188	-0.437601	0.818368	0.163674
60.6981	-1.89001	-0.378002	0.897557	0.179511
60.9747	-1.63067	-0.326133	0.981978	0.196396
61.1938	-1.40615	-0.28123	1.07187	0.214375
61.3676	-1.21199	-0.242399	1.16779	0.233557
61.5054	-1.0443	-0.208861	1.27025	0.25405
61.6148	-0.899607	-0.179921	1.37983	0.275966
61.7017	-0.774836	-0.154967	1.49713	0.299427
61.7708	-0.667304	-0.133461	1.6228	0.32456
61.8257	-0.574663	-0.114933	1.75752	0.351503
61.8694	-0.494873	-0.0989746	1.90202	0.380404
61.9042	-0.426162	-0.0852324	2.05709	0.411419
61.9319	-0.366996	-0.0733991	2.22359	0.444718
61.954	-0.316049	-0.0632097	2.40242	0.480483
61.9716	-0.272176	-0.0544352	2.59456	0.518912
61.9856	-0.234391	-0.0468782	2.80109	0.560218
61.9968	-0.201842	-0.0403684	3.02316	0.604632
62.0057	-0.173796	-0.0347592	3.26204	0.652408
62.0129	-0.149622	-0.0299244	3.51912	0.703824
62.0186	-0.128775	-0.025755	3.79595	0.759189
62.0232	-0.110787	-0.0221575	4.09424	0.818848
62.0268	-0.0952539	-0.0190508	4.41596	0.883192
62.0297	-0.0818262	-0.0163652	4.76337	0.952675
62.0321	-0.0702022	-0.0140404	5.13917	1.02783
62.034	-0.0601197	-0.0120239	5.54663	1.10933
62.0355	-0.0513491	-0.0102698	5.98998	1.198
62.0367	-0.0436867	-0.00873733	6.47494	1.29499
62.0377	-0.0369454	-0.00738909	7.01005	1.40201
62.0386	-0.0309402	-0.00618803	7.6097	1.52194
62.0393	-0.0254455	-0.00508911	8.30418	1.66084
62.0399	-0.0199721	-0.00399443	9.19575	1.83915
62.0406	-0.0133032	-0.00266065	10.6729	2.13457
62.0407	-0.011518	-0.00230359	11.1566	2.23132
62.041	-0.00866877	-0.00173375	11.9953	2.39905
62.0413	-0.00482918	-0.000965836	13.1274	2.62548
62.0415	-0.00194235	-0.000388471	13.7277	2.74554
62.0417	0.00117146	0.000234293	13.8115	2.7623
62.0419	0.00359061	0.000718122	13.4309	2.68618
62.0421	0.00602188	0.00120438	12.7938	2.55876
62.0423	0.00892863	0.00178573	11.9164	2.38328
62.0427	0.0129543	0.00259086	10.7645	2.15289
62.0431	0.0170307	0.00340613	9.78593	1.95719
62.0437	0.022672	0.00453439	8.72629	1.74526
62.0443	0.0281718	0.00563436	7.93881	1.58776
62.0451	0.0341167	0.00682334	7.27531	1.45506
62.0461	0.0408376	0.00816752	6.6864	1.33728
62.0473	0.0485508	0.00971016	6.15463	1.23093
62.0488	0.0574739	0.0114948	5.67016	1.13403
62.0507	0.0678472	0.0135694	5.22645	1.04529
62.0531	0.0799455	0.0159891	4.81872	0.963744
62.0562	0.0940876	0.0188175	4.44321	0.888643
62.0601	0.110647	0.0221293	4.09684	0.819369
62.065	0.13006	0.026012	3.777	0.7554
62.0713	0.152843	0.0305687	3.4814	0.696281
62.0793	0.179604	0.0359208	3.20805	0.64161
62.0896	0.211058	0.0422117	2.95514	0.591027
62.1026	0.248052	0.0496105	2.72104	0.544207
62.1193	0.291585	0.058317	2.50427	0.500853
62.1407	0.342836	0.0685671	2.30347	0.460693
62.1681	0.403199	0.0806398	2.11739	0.423479
62.2032	0.474319	0.0948639	1.9449	0.388979
62.2482	0.558139	0.111628	1.78491	0.356982
62.3061	0.656944	0.131389	1.63645	0.327289
62.3806	0.773427	0.154685	1.49859	0.299718
62.4765	0.910747	0.182149	1.37048	0.274097
62.6003	1.0726	0.21452	1.25133	0.250266
62.76	1.26305	0.252611	1.14051	0.228102
62.9617	1.48237	0.296473	1.03918	0.207836
63.2164	1.73457	0.346914	0.946013	0.189203
63.5372	2.02357	0.404713	0.86005	0.17201
63.9404	2.35344	0.470689	0.780429	0.156086
64.4459	2.7283	0.545659	0.706388	0.141278
64.7031	2.90602	0.581204	0.675806	0.135161
65.216	3.23824	0.647648	0.619799	0.12396
65.7289	3.5418	0.708359	0.563918	0.112784
68.0369	4.55313	0.910625	0.312454	0.0624908
70.1141	4.9671	0.993421	0.0861367	0.0172273
71.9836	4.93774	0.987548	-0.117549	-0.0235098
73.6661	4.58574	0.917148	-0.300866	-0.0601733
75.1804	4.00523	0.801046	-0.465852	-0.0931704
76.5432	3.26916	0.653833	-0.614339	-0.122868
76.7926	3.11256	0.622513	-0.641511	-0.128302
76.9772	2.99233	0.598467	-0.661616	-0.132323
77.8075	2.40102	0.480204	-0.770257	-0.154051
78.1225	2.14972	0.429944	-0.82771	-0.165542
78.4817	1.83783	0.367566	-0.913216	-0.182643
78.7442	1.58755	0.31751	-0.997856	-0.199571
78.9545	1.36861	0.273722	-1.08891	-0.217782
79.121	1.17958	0.235916	-1.18596	-0.237192
79.2532	1.01632	0.203265	-1.28968	-0.257936
79.3581	0.875474	0.175095	-1.40062	-0.280124
79.4414	0.754033	0.150807	-1.5194	-0.303879
79.5077	0.649379	0.129876	-1.64666	-0.329332
79.5604	0.559223	0.111845	-1.7831	-0.35662
79.6023	0.481576	0.0963152	-1.92947	-0.385894
79.6356	0.414712	0.0829423	-2.08656	-0.417312
79.6622	0.357136	0.0714272	-2.25523	-0.451047
79.6834	0.307558	0.0615117	-2.43641	-0.487282
79.7003	0.264864	0.0529729	-2.63109	-0.526219
79.7137	0.228093	0.0456186	-2.84036	-0.568073
79.7245	0.196416	0.0392832	-3.0654	-0.61308
79.7331	0.16912	0.033824	-3.30749	-0.661498
79.7399	0.14559	0.029118	-3.56805	-0.71361
79.7454	0.125297	0.0250594	-3.84865	-0.76973
79.7498	0.107785	0.021557	-4.15106	-0.830212
79.7533	0.0926598	0.018532	-4.47728	-0.895456
79.7561	0.079582	0.0159164	-4.82965	-0.96593
79.7584	0.0682573	0.0136515	-5.21095	-1.04219
79.7602	0.0584301	0.011686	-5.6246	-1.12492
79.7617	0.049876	0.0099752	-6.07504	-1.21501
79.7629	0.042395	0.008479	-6.5684	-1.31368
79.7638	0.035802	0.00716041	-7.11393	-1.42279
79.7646	0.0299091	0.00598181	-7.72781	-1.54556
79.7653	0.0244723	0.00489445	-8.44603	-1.68921
79.7659	0.0188442	0.00376885	-9.41159	-1.88232
79.7664	0.0143787	0.00287573	-10.3999	-2.07998
79.7665	0.0127058	0.00254116	-10.8306	-2.16612
79.7668	0.0100039	0.00200078	-11.5941	-2.31882
79.767	0.00694564	0.00138913	-12.5195	-2.50389
79.7673	0.00329704	0.000659408	-13.494	-2.6988
79.7676	-0.000105519	-2.11037e-05	-13.8602	-2.77203
79.7677	-0.00206889	-0.000413779	-13.7103	-2.74206
79.7679	-0.00461056	-0.000922112	-13.1848	-2.63695
79.7681	-0.00712566	-0.00142513	-12.4651	-2.49301
79.7684	-0.0107167	-0.00214335	-11.3854	-2.27707
79.7687	-0.0144765	-0.0028953	-10.3758	-2.07515
79.7692	-0.0191357	-0.00382715	-9.35461	-1.87092
79.7699	-0.0249353	-0.00498706	-8.37774	-1.67555
79.7706	-0.0305509	-0.00611018	-7.6537	-1.53074
79.7714	-0.036789	-0.00735781	-7.02401	-1.4048
79.7725	-0.0438946	-0.00877893	-6.46025	-1.29205
79.7738	-0.0520808	-0.0104162	-5.94899	-1.1898
79.7755	-0.0615727	-0.0123145	-5.48205	-1.09641
79.7776	-0.0726237	-0.0145247	-5.05373	-1.01075
79.7802	-0.0855256	-0.0171051	-4.65974	-0.931947
79.7836	-0.100618	-0.0201237	-4.29662	-0.859324
79.7879	-0.118301	-0.0236601	-3.96151	-0.792303
79.7934	-0.13904	-0.027808	-3.65196	-0.730391
79.8003	-0.163389	-0.0326778	-3.36579	-0.673158
79.8092	-0.191997	-0.0383993	-3.1011	-0.620219
79.8205	-0.225631	-0.0451262	-2.85615	-0.57123
79.8349	-0.265198	-0.0530396	-2.62939	-0.525878
79.8534	-0.311768	-0.0623536	-2.41938	-0.483876
79.8771	-0.366605	-0.0733209	-2.22482	-0.444964
79.9074	-0.431201	-0.0862402	-2.0445	-0.408899
79.9463	-0.507319	-0.101464	-1.8773	-0.375459
79.9963	-0.597037	-0.119407	-1.72219	-0.344438
80.0606	-0.702802	-0.14056	-1.57822	-0.315644
80.1433	-0.827491	-0.165498	-1.4445	-0.2889
80.2498	-0.974477	-0.194895	-1.32019	-0.264038
80.3874	-1.1477	-0.229541	-1.20452	-0.240904
80.5633	-1.34961	-0.269922	-1.09777	-0.219553
80.7854	-1.58201	-0.316401	-0.999924	-0.199985
81.0655	-1.84888	-0.369776	-0.909836	-0.181967
81.4181	-2.15422	-0.430843	-0.826585	-0.165317
81.8607	-2.50214	-0.500427	-0.749351	-0.14987
82.4151	-2.89668	-0.579336	-0.677405	-0.135481
82.8001	-3.14937	-0.629874	-0.635337	-0.127067
83.1852	-3.38591	-0.677182	-0.593388	-0.118678
84.9177	-4.25047	-0.850093	-0.404619	-0.0809238
92.7143	-4.09366	-0.818733	0.444843	0.0889685
94.1177	-3.36209	-0.672418	0.597746	0.119549
94.635	-3.03825	-0.607649	0.654116	0.130823
94.9658	-2.81589	-0.563177	0.691082	0.138216
95.366	-2.52912	-0.505825	0.743992	0.148798
95.8442	-2.15462	-0.430925	0.826508	0.165302
96.1851	-1.85995	-0.37199	0.906515	0.181303
96.4546	-1.60473	-0.320946	0.991467	0.198293
96.6683	-1.38369	-0.276739	1.082	0.216399
96.8377	-1.19259	-0.238518	1.17859	0.235718
96.9721	-1.02756	-0.205511	1.2818	0.256359
97.0789	-0.88516	-0.177032	1.39218	0.278437
97.1636	-0.762382	-0.152476	1.51036	0.302072
97.231	-0.656572	-0.131314	1.63698	0.327395
97.2846	-0.565419	-0.113084	1.77272	0.354543
97.3272	-0.486912	-0.0973824	1.91833	0.383665
97.3611	-0.419306	-0.0838613	2.0746	0.41492
97.3881	-0.361092	-0.0722185	2.24239	0.448477
97.4097	-0.310965	-0.0621931	2.42261	0.484522
97.4268	-0.267798	-0.0535597	2.61626	0.523252
97.4405	-0.23062	-0.046124	2.82442	0.564883
97.4515	-0.198593	-0.0397187	3.04825	0.60965
97.4602	-0.170996	-0.0341993	3.28903	0.657807
97.4672	-0.147208	-0.0294416	3.54818	0.709636
97.4727	-0.126693	-0.0253386	3.82725	0.765449
97.4772	-0.10899	-0.021798	4.12798	0.825596
97.4808	-0.0937009	-0.0187402	4.45237	0.890475
97.4836	-0.0804827	-0.0160965	4.80273	0.960546
97.4859	-0.069038	-0.0138076	5.18179	1.03636
97.4878	-0.0591084	-0.0118217	5.59292	1.11858
97.4893	-0.0504675	-0.0100935	6.04047	1.20809
97.4905	-0.0429139	-0.00858278	6.53039	1.30608
97.4914	-0.0362617	-0.00725234	7.07165	1.41433
97.4922	-0.0303242	-0.00606483	7.67965	1.53593
97.4929	-0.0248657	-0.00497315	8.38791	1.67758
97.4936	-0.0193131	-0.00386261	9.32036	1.86407
97.4941	-0.0142145	-0.00284289	10.4407	2.08814
97.4942	-0.0125447	-0.00250894	10.8738	2.17477
97.4945	-0.0098185	-0.0019637	11.6491	2.32982
97.4947	-0.00670795	-0.00134159	12.5909	2.51818
97.495	-0.00306383	-0.000612766	13.5412	2.70824
97.4953	0.000769694	0.000153939	13.8393	2.76786
97.4954	0.00286781	0.000573562	13.5788	2.71576
97.4956	0.00531939	0.00106388	12.994	2.59881
97.4958	0.007991	0.0015982	12.2018	2.44035
97.4962	0.0125906	0.00251812	10.8615	2.1723
97.4966	0.0167217	0.00334433	9.85328	1.97066
97.4973	0.0228487	0.00456973	8.69771	1.73954
97.498	0.028346	0.00566921	7.91694	1.58339
97.4988	0.0343116	0.00686231	7.25614	1.45123
97.4997	0.0410599	0.00821199	6.6692	1.33384
97.5009	0.0488072	0.00976144	6.13901	1.2278
97.5025	0.0577714	0.0115543	5.65589	1.13118
97.5044	0.0681937	0.0136387	5.21336	1.04267
97.5068	0.0803501	0.01607	4.80668	0.961336
97.5099	0.0945611	0.0189122	4.43211	0.886423
97.5138	0.111201	0.0222403	4.0866	0.81732
97.5188	0.130711	0.0261422	3.76754	0.753508
97.5251	0.153608	0.0307216	3.47266	0.694533
97.5332	0.180502	0.0361005	3.19997	0.639994
97.5435	0.212115	0.042423	2.94766	0.589533
97.5567	0.249295	0.0498591	2.71412	0.542824
97.5735	0.293048	0.0586097	2.49787	0.499573
97.595	0.34456	0.0689119	2.29754	0.459509
97.6226	0.405231	0.0810461	2.11191	0.422382
97.658	0.476715	0.0953429	1.93982	0.387964
97.7034	0.560963	0.112193	1.78021	0.356041
97.7617	0.660276	0.132055	1.63209	0.326417
97.8368	0.777358	0.155472	1.49455	0.29891
97.9335	0.915386	0.183077	1.36674	0.273347
98.0583	1.07807	0.215615	1.24785	0.249571
98.2191	1.26938	0.253875	1.13735	0.22747
98.4223	1.48966	0.297932	1.03629	0.207258
98.6788	1.74296	0.348593	0.943367	0.188673
99.0019	2.03319	0.406638	0.857619	0.171524
99.4079	2.36444	0.472888	0.778189	0.155638
99.9169	2.74081	0.548162	0.704316	0.140863
100.12	2.88105	0.57621	0.680127	0.136025
100.399	3.06679	0.613358	0.649528	0.129906
100.678	3.24403	0.648805	0.619085	0.123817
101.936	3.93632	0.787264	0.48209	0.096418
107.594	4.92	0.984	-0.134386	-0.0268773
108.612	4.72662	0.945325	-0.245352	-0.0490704
109.529	4.45596	0.891191	-0.345221	-0.0690443
110.354	4.13409	0.826818	-0.435104	-0.0870207
111.096	3.78101	0.756202	-0.515998	-0.1032
111.765	3.41189	0.682377	-0.588802	-0.11776
112.366	3.03808	0.607616	-0.654326	-0.130865
112.719	2.80012	0.560023	-0.693964	-0.138793
113.171	2.47328	0.494656	-0.755366	-0.151073
113.622	2.11506	0.423012	-0.836484	-0.167297
113.954	1.82501	0.365002	-0.917279	-0.183456
114.215	1.5745	0.314901	-1.00289	-0.200578
114.423	1.35753	0.271505	-1.09417	-0.218833
114.587	1.16998	0.233995	-1.19158	-0.238315
114.718	1.00803	0.201607	-1.29567	-0.259134
114.821	0.868319	0.173664	-1.40702	-0.281404
114.904	0.747863	0.149573	-1.52624	-0.305249
114.969	0.644061	0.128812	-1.65399	-0.330798
115.021	0.554641	0.110928	-1.79096	-0.358191
115.062	0.477629	0.0955259	-1.93789	-0.387578
115.095	0.411312	0.0822625	-2.09559	-0.419119
115.122	0.354208	0.0708417	-2.26493	-0.452985
115.142	0.305037	0.0610074	-2.44682	-0.489364
115.159	0.262693	0.0525385	-2.64228	-0.528455
115.172	0.226222	0.0452444	-2.85238	-0.570476
115.183	0.194804	0.0389608	-3.07832	-0.615664
115.191	0.16773	0.0335461	-3.32139	-0.664278
115.198	0.144392	0.0288784	-3.58301	-0.716602
115.204	0.124263	0.0248527	-3.86476	-0.772953
115.208	0.106892	0.0213785	-4.16843	-0.833686
115.211	0.0918884	0.0183777	-4.49603	-0.899205
115.214	0.0789145	0.0157829	-4.84991	-0.969983
115.217	0.0676787	0.0135357	-5.2329	-1.04658
115.218	0.0579273	0.0115855	-5.64845	-1.12969
115.22	0.0494373	0.00988746	-6.10108	-1.22022
115.221	0.04201	0.00840201	-6.59703	-1.31941
115.222	0.0354607	0.00709214	-7.14582	-1.42916
115.223	0.0296003	0.00592005	-7.7642	-1.55284
115.223	0.0241779	0.00483558	-8.49024	-1.69805
115.224	0.0184785	0.00369569	-9.48432	-1.89686
115.224	0.0141259	0.00282519	-10.4628	-2.09256
115.225	0.0122966	0.00245931	-10.9411	-2.18822
115.225	0.00955345	0.00191069	-11.7282	-2.34564
115.225	0.00635379	0.00127076	-12.6964	-2.53927
115.225	0.00270455	0.00054091	-13.6086	-2.72172
115.226	-0.000424923	-8.49847e-05	-13.8541	-2.77082
115.226	-0.00229448	-0.000458897	-13.6769	-2.73538
115.226	-0.00480276	-0.000960553	-13.1344	-2.62688
115.226	-0.00735365	-0.00147073	-12.3959	-2.47919
115.226	-0.0112022	-0.00224043	-11.246	-2.2492
115.227	-0.0149945	-0.00299889	-10.2499	-2.04999
115.227	-0.0199443	-0.00398886	-9.20095	-1.84019
115.228	-0.0255716	-0.00511432	-8.28629	-1.65726
115.229	-0.0312424	-0.00624848	-7.57604	-1.51521
115.23	-0.0375707	-0.00751414	-6.95506	-1.39101
115.231	-0.0447916	-0.00895831	-6.398	-1.2796
115.232	-0.0531183	-0.0106237	-5.89228	-1.17846
115.234	-0.0627788	-0.0125558	-5.43011	-1.08602
115.236	-0.0740302	-0.014806	-5.006	-1.0012
115.239	-0.0871697	-0.0174339	-4.61578	-0.923157
115.242	-0.102544	-0.0205087	-4.25608	-0.851217
115.246	-0.120558	-0.0241115	-3.92409	-0.784817
115.252	-0.141689	-0.0283378	-3.61737	-0.723474
115.259	-0.1665	-0.0333	-3.33381	-0.666762
115.268	-0.195654	-0.0391307	-3.07152	-0.614303
115.28	-0.229932	-0.0459865	-2.82878	-0.565755
115.295	-0.27026	-0.054052	-2.60405	-0.520809
115.314	-0.317728	-0.0635456	-2.39591	-0.479183
115.338	-0.373625	-0.074725	-2.20308	-0.440616
115.37	-0.439474	-0.0878948	-2.02435	-0.40487
115.41	-0.517071	-0.103414	-1.85862	-0.371724
115.461	-0.608534	-0.121707	-1.70487	-0.340974
115.527	-0.716359	-0.143272	-1.56215	-0.31243
115.612	-0.843478	-0.168696	-1.42958	-0.285915
115.722	-0.993327	-0.198665	-1.30632	-0.261265
115.864	-1.16992	-0.233984	-1.19162	-0.238324
116.045	-1.37521	-0.275042	-1.08599	-0.217198
116.273	-1.61147	-0.322294	-0.989113	-0.197823
116.561	-1.88267	-0.376535	-0.89988	-0.179976
116.923	-2.19284	-0.438568	-0.817383	-0.163477
117.377	-2.54609	-0.509217	-0.740815	-0.148163
117.67	-2.75695	-0.551389	-0.701543	-0.140309
117.922	-2.92977	-0.585955	-0.672171	-0.134434
118.669	-3.40132	-0.680263	-0.590745	-0.118149
119.451	-3.83028	-0.766056	-0.505476	-0.101095
122.973	-4.93478	-0.986957	-0.121766	-0.0243533
126.143	-4.77344	-0.954688	0.223573	0.0447146
128.995	-3.69236	-0.738472	0.534378	0.106876
129.509	-3.4036	-0.680721	0.590323	0.118065
129.971	-3.11917	-0.623833	0.640674	0.128135
130.218	-2.95747	-0.591493	0.667606	0.133521
130.737	-2.59479	-0.518958	0.731362	0.146272
131.304	-2.15491	-0.430982	0.82658	0.165316
131.635	-1.86921	-0.373842	0.90387	0.180774
131.908	-1.61173	-0.322346	0.98901	0.197802
132.123	-1.38985	-0.27797	1.07931	0.215862
132.293	-1.19789	-0.239578	1.17572	0.235144
132.429	-1.03213	-0.206425	1.27872	0.255743
132.536	-0.889097	-0.177819	1.38888	0.277775
132.622	-0.765773	-0.153155	1.50681	0.301362
132.689	-0.659492	-0.131898	1.63316	0.326632
132.743	-0.567933	-0.113587	1.76862	0.353723
132.786	-0.489075	-0.097815	1.91392	0.382784
132.82	-0.421168	-0.0842337	2.06986	0.413972
132.848	-0.362695	-0.072539	2.23729	0.447459
132.869	-0.312345	-0.062469	2.41713	0.483426
132.887	-0.268986	-0.0537972	2.61037	0.522074
132.9	-0.231643	-0.0463286	2.81808	0.563615
132.911	-0.199474	-0.0398949	3.04142	0.608285
132.92	-0.171755	-0.0343511	3.28169	0.656338
132.927	-0.147862	-0.0295725	3.54027	0.708054
132.933	-0.127257	-0.0254515	3.81872	0.763744
132.937	-0.109477	-0.0218954	4.11879	0.823757
132.941	-0.0941218	-0.0188244	4.44245	0.888489
132.944	-0.0808468	-0.0161694	4.79199	0.958399
132.946	-0.0693536	-0.0138707	5.17016	1.03403
132.948	-0.0593825	-0.0118765	5.58028	1.11606
132.949	-0.0507065	-0.0101413	6.02668	1.20534
132.951	-0.0431234	-0.00862468	6.51524	1.30305
132.952	-0.0364471	-0.00728943	7.05481	1.41096
132.952	-0.0304914	-0.00609828	7.6605	1.5321
132.953	-0.0250236	-0.00500472	8.3649	1.67298
132.954	-0.0194959	-0.00389917	9.28539	1.85708
132.954	-0.0140895	-0.00281789	10.4719	2.09439
132.954	-0.0124503	-0.00249005	10.8994	2.17987
132.955	-0.00970728	-0.00194146	11.6823	2.33645
132.955	-0.00656197	-0.00131239	12.6345	2.52691
132.955	-0.00291752	-0.000583504	13.5695	2.71389
132.956	0.000908226	0.000181645	13.831	2.7662
132.956	0.003034	0.0006068	13.5471	2.70941
132.956	0.00547869	0.00109574	12.9495	2.5899
132.956	0.00819504	0.00163901	12.1395	2.42791
132.957	0.0128422	0.00256845	10.7942	2.15884
132.957	0.0170135	0.0034027	9.78967	1.95793
132.958	0.022686	0.00453719	8.72404	1.74481
132.958	0.0281864	0.00563729	7.93699	1.5874
132.959	0.0341331	0.00682661	7.27373	1.45475
132.96	0.0408563	0.00817126	6.68498	1.337
132.961	0.0485723	0.00971447	6.15335	1.23067
132.963	0.0574989	0.0114998	5.66899	1.1338
132.965	0.0678764	0.0135753	5.22539	1.04508
132.967	0.0799797	0.0159959	4.81775	0.963549
132.97	0.0941277	0.0188255	4.44232	0.888464
132.974	0.110694	0.0221387	4.09603	0.819205
132.979	0.130115	0.0260231	3.77625	0.75525
132.985	0.152909	0.0305817	3.48072	0.696144
132.993	0.179681	0.0359362	3.20742	0.641485
133.003	0.211149	0.0422299	2.95457	0.590913
133.017	0.24816	0.049632	2.72052	0.544103
133.033	0.291712	0.0583424	2.50379	0.500759
133.055	0.342987	0.0685974	2.30304	0.460608
133.082	0.403378	0.0806757	2.11701	0.423402
133.117	0.474533	0.0949066	1.94456	0.388911
133.162	0.558393	0.111679	1.78461	0.356921
133.22	0.657249	0.13145	1.63618	0.327236
133.295	0.773792	0.154758	1.49836	0.299672
133.391	0.911186	0.182237	1.37029	0.274058
133.515	1.07313	0.214626	1.25117	0.250234
133.674	1.26368	0.252737	1.14039	0.228077
133.876	1.48312	0.296623	1.03909	0.207818
134.131	1.73547	0.347094	0.945959	0.189192
134.452	2.02465	0.404929	0.86003	0.172006
134.855	2.35474	0.470949	0.780442	0.156088
135.361	2.72987	0.545974	0.706432	0.141286
135.631	2.91593	0.583186	0.674515	0.134903
136.295	3.33977	0.667954	0.602041	0.120408
136.959	3.71556	0.743113	0.529685	0.105937
139.948	4.81198	0.962396	0.204082	0.0408164
142.637	4.9668	0.993359	-0.0889611	-0.0177922
145.058	4.43224	0.886448	-0.3527	-0.0705399
147.236	3.40529	0.681059	-0.590064	-0.118013
147.629	3.16552	0.633105	-0.63279	-0.126558
147.896	2.99234	0.598469	-0.661937	-0.132387
148.32	2.70168	0.540336	-0.711439	-0.142288
148.744	2.38764	0.477527	-0.773271	-0.154654
149.168	2.04278	0.408556	-0.855146	-0.171029
149.481	1.76351	0.352702	-0.936726	-0.187345
149.729	1.52109	0.304218	-1.02365	-0.20473
149.925	1.31135	0.262269	-1.1163	-0.223261
150.081	1.13009	0.226017	-1.21522	-0.243044
150.204	0.973607	0.194721	-1.32095	-0.264191
150.303	0.838632	0.167726	-1.43408	-0.286817
150.381	0.722276	0.144455	-1.55523	-0.311046
150.443	0.622017	0.124403	-1.68506	-0.337012
150.492	0.535654	0.107131	-1.82428	-0.364856
150.531	0.461278	0.0922557	-1.97365	-0.39473
150.562	0.397233	0.0794465	-2.13399	-0.426797
150.587	0.342085	0.0684169	-2.30616	-0.461232
150.607	0.294597	0.0589194	-2.49112	-0.498224
150.623	0.253701	0.0507402	-2.68989	-0.537978
150.636	0.218477	0.0436954	-2.90358	-0.580715
150.646	0.188131	0.0376261	-3.13339	-0.626677
150.654	0.161979	0.0323957	-3.38064	-0.676129
150.66	0.139432	0.0278864	-3.64681	-0.729362
150.665	0.119984	0.0239969	-3.9335	-0.7867
150.669	0.103198	0.0206395	-4.24255	-0.84851
150.673	0.0886951	0.017739	-4.57605	-0.91521
150.675	0.0761508	0.0152302	-4.93645	-0.987289
150.677	0.0652824	0.0130565	-5.32668	-1.06534
150.679	0.0558438	0.0111688	-5.75042	-1.15008
150.681	0.0476185	0.0095237	-6.2125	-1.2425
150.682	0.0404121	0.00808241	-6.71974	-1.34395
150.683	0.0340409	0.00680819	-7.28283	-1.45657
150.683	0.0283098	0.00566197	-7.92148	-1.5843
150.684	0.0229295	0.00458589	-8.68472	-1.73694
150.685	0.0160769	0.00321538	-9.99729	-1.99946
150.685	0.0140005	0.0028001	-10.4943	-2.09886
150.685	0.011669	0.00233379	-11.1143	-2.22286
150.685	0.00889036	0.00177807	-11.928	-2.3856
150.686	0.00501238	0.00100248	-13.0783	-2.61566
150.686	0.0021852	0.000437039	-13.6935	-2.7387
150.686	-0.00096203	-0.000192406	-13.8274	-2.76548
150.686	-0.00333082	-0.000666164	-13.4869	-2.69739
150.687	-0.0057599	-0.00115198	-12.8696	-2.57391
150.687	-0.00856829	-0.00171366	-12.0258	-2.40517
150.687	-0.0128877	-0.00257755	-10.7821	-2.15642
150.688	-0.0169372	-0.00338744	-9.80622	-1.96124
150.688	-0.0226825	-0.0045365	-8.72461	-1.74492
150.689	-0.0281838	-0.00563677	-7.93733	-1.58747
150.69	-0.0341301	-0.00682603	-7.27402	-1.4548
150.691	-0.040853	-0.00817059	-6.68525	-1.33705
150.692	-0.0485685	-0.0097137	-6.15359	-1.23072
150.693	-0.0574945	-0.0114989	-5.66922	-1.13384
150.695	-0.0678713	-0.0135743	-5.22559	-1.04512
150.698	-0.0799737	-0.0159947	-4.81794	-0.963588
150.701	-0.0941207	-0.0188241	-4.4425	-0.8885
150.705	-0.110685	-0.0221371	-4.09619	-0.819238
150.709	-0.130106	-0.0260212	-3.7764	-0.755281
150.716	-0.152898	-0.0305795	-3.48086	-0.696173
150.724	-0.179668	-0.0359336	-3.20756	-0.641512
150.734	-0.211134	-0.0422268	-2.95469	-0.590939
150.747	-0.248142	-0.0496284	-2.72064	-0.544128
150.764	-0.291691	-0.0583383	-2.50391	-0.500782
150.785	-0.342963	-0.0685926	-2.30315	-0.46063
150.813	-0.40335	-0.0806701	-2.11712	-0.423423
150.848	-0.474501	-0.0949002	-1.94465	-0.388931
150.893	-0.558356	-0.111671	-1.7847	-0.356941
150.951	-0.657206	-0.131441	-1.63627	-0.327255
151.025	-0.773743	-0.154749	-1.49845	-0.29969
151.121	-0.91113	-0.182226	-1.37038	-0.274076
151.245	-1.07307	-0.214613	-1.25126	-0.250252
151.405	-1.26362	-0.252723	-1.14047	-0.228094
151.607	-1.48305	-0.296609	-1.03918	-0.207835
151.862	-1.7354	-0.347079	-0.946045	-0.189209
152.183	-2.02458	-0.404915	-0.860117	-0.172023
152.586	-2.35468	-0.470936	-0.78053	-0.156106
153.092	-2.72982	-0.545964	-0.706523	-0.141305
153.361	-2.91574	-0.583147	-0.674633	-0.134927
154.023	-3.33865	-0.667729	-0.602342	-0.120468
154.686	-3.71375	-0.742749	-0.530169	-0.106034
157.667	-4.81006	-0.962012	-0.20539	-0.0410781
160.35	-4.96899	-0.993797	0.0869103	0.0173821
162.764	-4.44155	-0.888309	0.349981	0.0699962
164.937	-3.42376	-0.684752	0.586745	0.117349
165.328	-3.18592	-0.637183	0.629362	0.125872
165.68	-2.95761	-0.591521	0.667718	0.133544
165.997	-2.74035	-0.548071	0.704584	0.140917
166.373	-2.46576	-0.493151	0.757014	0.151403
166.832	-2.10071	-0.420142	0.840215	0.168043
167.158	-1.81412	-0.362825	0.920742	0.184148
167.417	-1.56489	-0.312977	1.00663	0.201327
167.623	-1.34922	-0.269844	1.09814	0.219628
167.785	-1.16279	-0.232559	1.19582	0.239163
167.915	-1.00183	-0.200366	1.30019	0.260039
168.017	-0.862967	-0.172593	1.41186	0.282371
168.099	-0.743249	-0.14865	1.53142	0.306283
168.164	-0.640084	-0.128017	1.65953	0.331906
168.215	-0.551215	-0.110243	1.79689	0.359378
168.256	-0.474678	-0.0949355	1.94425	0.388851
168.289	-0.40877	-0.081754	2.10242	0.420484
168.315	-0.352019	-0.0704038	2.27225	0.454451
168.336	-0.303151	-0.0606302	2.45469	0.490937
168.352	-0.261068	-0.0522137	2.65073	0.530145
168.365	-0.224823	-0.0449645	2.86146	0.572293
168.376	-0.193598	-0.0387196	3.08809	0.617618
168.384	-0.166691	-0.0333382	3.33189	0.666379
168.391	-0.143496	-0.0286991	3.59432	0.718863
168.396	-0.12349	-0.024698	3.87694	0.775389
168.4	-0.106225	-0.021245	4.18156	0.836312
168.404	-0.0913115	-0.0182623	4.5102	0.90204
168.407	-0.0784152	-0.015683	4.86523	0.973047
168.409	-0.0672459	-0.0134492	5.24949	1.0499
168.411	-0.057551	-0.0115102	5.66649	1.1333
168.412	-0.049109	-0.00982181	6.12077	1.22415
168.413	-0.0417218	-0.00834437	6.6187	1.32374
168.414	-0.035205	-0.007041	7.16997	1.43399
168.415	-0.0293686	-0.00587371	7.79181	1.55836
168.416	-0.023956	-0.00479121	8.52397	1.70479
168.416	-0.0181923	-0.00363846	9.54218	1.90844
168.417	-0.0142075	-0.0028415	10.4424	2.08849
168.417	-0.0123561	-0.00247122	10.9249	2.18498
168.417	-0.00962366	-0.00192473	11.7072	2.34145
168.417	-0.00644902	-0.0012898	12.6681	2.53363
168.418	-0.00280264	-0.000560529	13.5909	2.71817
168.418	0.000507557	0.000101511	13.8513	2.77026
168.418	0.00244832	0.000489665	13.6524	2.73048
168.418	0.00493667	0.000987333	13.0987	2.61974
168.418	0.00751543	0.00150309	12.3468	2.46935
168.419	0.011612	0.0023224	11.1302	2.22605
168.419	0.0153277	0.00306554	10.1707	2.03414
168.42	0.0205325	0.00410651	9.09305	1.81861
168.42	0.0260934	0.00521868	8.21327	1.64265
168.421	0.0318137	0.00636273	7.51352	1.5027
168.422	0.0382179	0.00764357	6.89942	1.37988
168.423	0.045535	0.009107	6.34769	1.26954
168.424	0.0539788	0.0107958	5.84641	1.16928
168.426	0.0637794	0.0127559	5.38809	1.07762
168.428	0.0751976	0.0150395	4.96738	0.993476
168.431	0.0885345	0.0177069	4.58021	0.916042
168.435	0.104142	0.0208283	4.22327	0.844654
168.439	0.122431	0.0244863	3.89378	0.778757
168.445	0.143888	0.0287777	3.58937	0.717873
168.452	0.169084	0.0338168	3.30792	0.661583
168.462	0.198691	0.0397382	3.04756	0.609512
168.474	0.233505	0.046701	2.80661	0.561321
168.489	0.274464	0.0548929	2.58352	0.516704
168.508	0.322678	0.0645357	2.3769	0.475381
168.533	0.379456	0.0758913	2.18547	0.437094
168.565	0.446345	0.0892691	2.00803	0.401606
168.606	0.525171	0.105034	1.84349	0.368698
168.659	0.618084	0.123617	1.69083	0.338167
168.727	0.72762	0.145524	1.54912	0.309824
168.814	0.856757	0.171351	1.41748	0.283495
168.927	1.00898	0.201797	1.29508	0.259015
169.072	1.18837	0.237674	1.18116	0.236232
169.257	1.39646	0.279292	1.07643	0.215286
169.49	1.63592	0.327184	0.980332	0.196066
169.784	1.9107	0.38214	0.891788	0.178358
170.154	2.22485	0.44497	0.809899	0.16198
170.619	2.58249	0.516498	0.733867	0.146773
170.839	2.74055	0.548109	0.704591	0.140918
171.019	2.86539	0.573079	0.682985	0.136597
171.35	3.08539	0.617078	0.646647	0.129329
171.681	3.29344	0.658689	0.610587	0.122117
173.17	4.08199	0.816397	0.448317	0.0896634
179.872	4.63966	0.927931	-0.2819	-0.05638
180.677	4.37738	0.875476	-0.36962	-0.0739241
181.402	4.08095	0.81619	-0.448568	-0.0897137
182.054	3.76525	0.75305	-0.519622	-0.103924
182.641	3.4415	0.6883	-0.58357	-0.116714
183.169	3.11804	0.623608	-0.641123	-0.128225
183.33	3.01341	0.602682	-0.658663	-0.131733
183.624	2.81495	0.562991	-0.691598	-0.13832
183.943	2.58792	0.517584	-0.732854	-0.146571
184.454	2.193	0.438601	-0.81749	-0.163498
184.803	1.89444	0.378888	-0.89655	-0.17931
185.081	1.63446	0.326892	-0.98088	-0.196176
185.301	1.40941	0.281882	-1.07067	-0.214135
185.475	1.21479	0.242958	-1.16648	-0.233296
185.613	1.04671	0.209342	-1.26883	-0.253765
185.723	0.901671	0.180334	-1.37828	-0.275657
185.811	0.776609	0.155322	-1.49545	-0.299091
185.88	0.668826	0.133765	-1.62098	-0.324196
185.935	0.575971	0.115194	-1.75555	-0.351109
185.979	0.495997	0.0991993	-1.89989	-0.379978
186.014	0.427127	0.0854255	-2.05479	-0.410958
186.041	0.367825	0.0735651	-2.2211	-0.44422
186.064	0.316762	0.0633524	-2.39973	-0.479946
186.081	0.27279	0.054558	-2.59166	-0.518333
186.095	0.234919	0.0469838	-2.79796	-0.559592
186.107	0.202296	0.0404593	-3.01979	-0.603957
186.116	0.174187	0.0348375	-3.2584	-0.65168
186.123	0.149959	0.0299918	-3.5152	-0.703039
186.128	0.129066	0.0258132	-3.79171	-0.758342
186.133	0.111038	0.0222076	-4.08966	-0.817933
186.137	0.0954705	0.0190941	-4.41101	-0.882203
186.14	0.0820134	0.0164027	-4.75802	-0.951604
186.142	0.0703644	0.0140729	-5.13336	-1.02667
186.144	0.0602605	0.0120521	-5.54032	-1.10806
186.145	0.0514718	0.0102944	-5.98309	-1.19662
186.147	0.0437941	0.00875883	-6.46738	-1.29348
186.148	0.0370404	0.00740809	-7.00165	-1.40033
186.148	0.0310256	0.00620512	-7.60018	-1.52004
186.149	0.0255256	0.00510511	-8.29283	-1.65857
186.15	0.0200607	0.00401214	-9.17935	-1.83587
186.15	0.0133907	0.00267814	-10.6502	-2.13003
186.151	0.0116031	0.00232061	-11.1327	-2.22655
186.151	0.00876514	0.00175303	-11.966	-2.3932
186.151	0.00490785	0.000981571	-13.1064	-2.62129
186.151	0.00204912	0.000409824	-13.7131	-2.74262
186.152	-0.00107717	-0.000215433	-13.819	-2.76381
186.152	-0.00347389	-0.000694778	-13.4565	-2.6913
186.152	-0.00590327	-0.00118065	-12.8282	-2.56565
186.152	-0.00876361	-0.00175272	-11.9665	-2.39329
186.153	-0.0128965	-0.0025793	-10.7798	-2.15596
186.153	-0.0169542	-0.00339084	-9.80253	-1.96051
186.154	-0.02267	-0.00453401	-8.72664	-1.74533
186.154	-0.0281708	-0.00563416	-7.93897	-1.58779
186.155	-0.0341156	-0.00682311	-7.27546	-1.45509
186.156	-0.0408363	-0.00816726	-6.68654	-1.33731
186.157	-0.0485493	-0.00970987	-6.15477	-1.23095
186.159	-0.0574723	-0.0114945	-5.67029	-1.13406
186.161	-0.0678454	-0.0135691	-5.22658	-1.04532
186.163	-0.0799434	-0.0159887	-4.81884	-0.963769
186.166	-0.0940853	-0.0188171	-4.44333	-0.888666
186.17	-0.110644	-0.0221288	-4.09696	-0.819392
186.175	-0.130057	-0.0260114	-3.77711	-0.755423
186.181	-0.15284	-0.0305681	-3.48152	-0.696304
186.189	-0.179601	-0.0359202	-3.20817	-0.641633
186.199	-0.211055	-0.042211	-2.95526	-0.591051
186.213	-0.248049	-0.0496098	-2.72116	-0.544231
186.229	-0.291582	-0.0583164	-2.50439	-0.500878
186.251	-0.342834	-0.0685668	-2.3036	-0.460719
186.278	-0.403199	-0.0806397	-2.11753	-0.423506
186.313	-0.474322	-0.0948644	-1.94504	-0.389007
186.358	-0.558145	-0.111629	-1.78506	-0.357011
186.416	-0.656957	-0.131391	-1.6366	-0.32732
186.491	-0.773449	-0.15469	-1.49875	-0.299751
186.586	-0.910783	-0.182157	-1.37066	-0.274132
186.71	-1.07266	-0.214532	-1.25152	-0.250304
186.87	-1.26314	-0.252629	-1.14071	-0.228142
187.072	-1.4825	-0.2965	-1.0394	-0.207879
187.326	-1.73477	-0.346954	-0.946245	-0.189249
187.647	-2.02386	-0.404772	-0.8603	-0.17206
188.05	-2.35386	-0.470772	-0.7807	-0.15614
188.556	-2.72889	-0.545778	-0.70668	-0.141336
188.818	-2.90992	-0.581983	-0.675581	-0.135116
189.366	-3.26369	-0.652739	-0.615757	-0.123151
189.914	-3.58475	-0.716951	-0.556053	-0.111211
192.38	-4.62467	-0.924934	-0.287387	-0.0574773
200	-3.65127	-0.730254	0.542864	0.108573
