0	5	1	0	0
0.001	5	1	-3.77144e-05	-7.54288e-06
0.0055	5	1	-0.000207429	-4.14859e-05
0.02575	4.99999	0.999997	-0.000971148	-0.00019423
0.116875	4.99974	0.999948	-0.00440802	-0.000881605
0.526938	4.99476	0.998952	-0.019887	-0.00397741
2.37222	4.89312	0.978624	-0.0907631	-0.0181526
4.84965	4.54245	0.90849	-0.194907	-0.0389814
6.42543	4.17561	0.835123	-0.272871	-0.0545743
7.77971	3.7531	0.75062	-0.353976	-0.0707951
8.85253	3.33185	0.66637	-0.434538	-0.0869077
9.70586	2.92749	0.585498	-0.516717	-0.103343
10.3807	2.55147	0.510295	-0.601601	-0.12032
10.9097	2.21102	0.442204	-0.689728	-0.137946
11.3089	1.91881	0.383762	-0.778204	-0.155641
11.6165	1.66624	0.333248	-0.868656	-0.173731
11.8562	1.44729	0.289458	-0.962166	-0.192433
12.0471	1.25467	0.250935	-1.06102	-0.212205
12.1986	1.08633	0.217266	-1.16561	-0.233123
12.319	0.93961	0.187922	-1.27659	-0.255318
12.4148	0.812053	0.162411	-1.39458	-0.278917
12.4909	0.701368	0.140274	-1.52028	-0.304055
12.5514	0.605467	0.121093	-1.65437	-0.330875
12.5996	0.522474	0.104495	-1.79763	-0.359525
12.638	0.450718	0.0901435	-1.95082	-0.390164
12.6685	0.388721	0.0777442	-2.11481	-0.422963
12.6929	0.335185	0.0670369	-2.2905	-0.4581
12.7123	0.288972	0.0577944	-2.47886	-0.495772
12.7278	0.249092	0.0498183	-2.68094	-0.536188
12.7401	0.21468	0.042936	-2.89787	-0.579573
12.75	0.184988	0.0369976	-3.13088	-0.626175
12.7579	0.159365	0.0318731	-3.38131	-0.676263
12.7642	0.13725	0.02745	-3.65066	-0.730133
12.7692	0.118154	0.0236308	-3.94057	-0.788114
12.7733	0.101657	0.0203313	-4.2529	-0.85058
12.7765	0.0873925	0.0174785	-4.58978	-0.917955
12.7791	0.0750452	0.015009	-4.95369	-0.990737
12.7812	0.0643399	0.012868	-5.34763	-1.06953
12.7828	0.0550364	0.0110073	-5.77538	-1.15508
12.7842	0.0469227	0.00938454	-6.24188	-1.24838
12.7853	0.0398072	0.00796144	-6.75422	-1.35084
12.7862	0.0335079	0.00670159	-7.32358	-1.46472
12.7869	0.0278273	0.00556545	-7.97097	-1.59419
12.7876	0.0224576	0.00449151	-8.75076	-1.75015
12.7883	0.015655	0.003131	-10.0849	-2.01699
12.7885	0.0136471	0.00272943	-10.5753	-2.11506
12.7887	0.011188	0.00223759	-11.2418	-2.24836
12.789	0.00835136	0.00167027	-12.0842	-2.41684
12.7893	0.00456925	0.00091385	-13.1884	-2.63769
12.7895	0.00156204	0.000312407	-13.7672	-2.75344
12.7897	-0.00151472	-0.000302945	-13.7723	-2.75446
12.7899	-0.0040233	-0.000804661	-13.3243	-2.66486
12.7901	-0.00642649	-0.0012853	-12.6675	-2.5335
12.7903	-0.00953483	-0.00190697	-11.7259	-2.34518
12.7907	-0.0133569	-0.00267138	-10.6502	-2.13005
12.7911	-0.0175579	-0.00351159	-9.66391	-1.93278
12.7918	-0.0237876	-0.00475753	-8.53896	-1.70779
12.7925	-0.0293821	-0.00587642	-7.77829	-1.55566
12.7933	-0.0354645	-0.0070929	-7.13249	-1.4265
12.7943	-0.0423697	-0.00847393	-6.55619	-1.31124
12.7956	-0.050308	-0.0100616	-6.03443	-1.20689
12.7972	-0.0594989	-0.0118998	-5.5583	-1.11166
12.7992	-0.0701867	-0.0140373	-5.12171	-1.02434
12.8017	-0.0826511	-0.0165302	-4.72014	-0.944027
12.8049	-0.0972168	-0.0194434	-4.34997	-0.869994
12.809	-0.114263	-0.0228526	-4.00824	-0.801649
12.8142	-0.134233	-0.0268466	-3.69241	-0.738481
12.8208	-0.157648	-0.0315295	-3.40024	-0.680048
12.8292	-0.185117	-0.0370235	-3.12976	-0.625953
12.84	-0.217359	-0.0434719	-2.87921	-0.575841
12.8537	-0.255214	-0.0510428	-2.64696	-0.529391
12.8713	-0.299667	-0.0599335	-2.43154	-0.486308
12.8937	-0.351873	-0.0703746	-2.2316	-0.44632
12.9225	-0.413178	-0.0826357	-2.04589	-0.409178
12.9593	-0.485154	-0.0970308	-1.87325	-0.37465
13.0065	-0.569622	-0.113924	-1.7126	-0.34252
13.0671	-0.66869	-0.133738	-1.56292	-0.312585
13.1451	-0.784773	-0.156955	-1.42327	-0.284655
13.2454	-0.920626	-0.184125	-1.29275	-0.258549
13.3746	-1.07935	-0.215869	-1.17048	-0.234096
13.5396	-1.26261	-0.252522	-1.05663	-0.211326
13.7473	-1.47059	-0.294118	-0.951452	-0.19029
14.0081	-1.70538	-0.341076	-0.853656	-0.170731
14.3346	-1.96843	-0.393686	-0.762213	-0.152443
14.7418	-2.26046	-0.452091	-0.676174	-0.135235
15.2476	-2.58099	-0.516198	-0.594653	-0.118931
15.8735	-2.92776	-0.585552	-0.516795	-0.103359
16.6439	-3.29588	-0.659176	-0.441746	-0.0883492
17.587	-3.67674	-0.735349	-0.368609	-0.0737218
18.7337	-4.05663	-0.811327	-0.296384	-0.0592768
20.1165	-4.41494	-0.882988	-0.22387	-0.044774
21.7686	-4.72197	-0.944393	-0.149484	-0.0298969
23.7223	-4.93609	-0.987218	-0.0708683	-0.0141737
26.0166	-4.99835	-0.999671	0.016224	0.0032448
28.4932	-4.84088	-0.968176	0.111962	0.0223925
30.9699	-4.43405	-0.886811	0.219718	0.0439437
32.3616	-4.07937	-0.815874	0.29198	0.058396
33.6587	-3.64958	-0.729916	0.373751	0.0747501
34.672	-3.23166	-0.646332	0.454432	0.0908864
35.4784	-2.83327	-0.566653	0.537175	0.107435
36.1155	-2.46504	-0.493009	0.622878	0.124576
36.609	-2.1369	-0.427381	0.710946	0.142189
36.9837	-1.85465	-0.370929	0.799837	0.159967
37.2727	-1.61096	-0.322192	0.890805	0.178161
37.4997	-1.39851	-0.279703	0.985567	0.197113
37.6802	-1.21199	-0.242398	1.08575	0.217149
37.8236	-1.04908	-0.209817	1.19181	0.238363
37.9375	-0.907199	-0.18144	1.30442	0.260883
38.0281	-0.78391	-0.156782	1.4242	0.284841
38.1001	-0.67697	-0.135394	1.55185	0.310371
38.1574	-0.584344	-0.116869	1.68809	0.337617
38.203	-0.504204	-0.100841	1.83366	0.366732
38.2393	-0.434929	-0.0869857	1.98938	0.397875
38.2683	-0.375084	-0.0750167	2.1561	0.43122
38.2913	-0.323411	-0.0646823	2.33475	0.46695
38.3097	-0.278811	-0.0557622	2.52632	0.505264
38.3244	-0.240323	-0.0480647	2.73187	0.546374
38.3361	-0.207114	-0.0414229	2.95256	0.590511
38.3454	-0.178459	-0.0356919	3.18964	0.637928
38.3529	-0.153731	-0.0307462	3.4445	0.688899
38.3589	-0.132386	-0.0264771	3.71864	0.743729
38.3636	-0.113953	-0.0227905	4.01378	0.802756
38.3675	-0.0980252	-0.019605	4.33182	0.866364
38.3705	-0.0842505	-0.0168501	4.67497	0.934994
38.373	-0.0723229	-0.0144646	5.04583	1.00917
38.375	-0.0619765	-0.0123953	5.44754	1.08951
38.3766	-0.0529784	-0.0105957	5.88412	1.17682
38.3778	-0.0451223	-0.00902447	6.36092	1.27218
38.3789	-0.0382203	-0.00764407	6.88576	1.37715
38.3797	-0.0320899	-0.00641797	7.4714	1.49428
38.3805	-0.0265213	-0.00530426	8.14329	1.62866
38.3811	-0.0211312	-0.00422623	8.97616	1.79523
38.3818	-0.0144268	-0.00288536	10.3791	2.07582
38.382	-0.0124159	-0.00248318	10.9002	2.18003
38.3822	-0.00971096	-0.00194219	11.6732	2.33464
38.3825	-0.00656638	-0.00131328	12.6259	2.52517
38.3828	-0.0029232	-0.00058464	13.5616	2.71231
38.383	0.000901671	0.000180334	13.8247	2.76494
38.3832	0.00302529	0.000605057	13.5419	2.70838
38.3834	0.00546943	0.00109389	12.9449	2.58899
38.3836	0.0081822	0.00163644	12.1358	2.42717
38.384	0.0128198	0.00256395	10.7916	2.15832
38.3844	0.0169824	0.00339649	9.78693	1.95739
38.385	0.022707	0.0045414	8.71	1.742
38.3857	0.028204	0.00564081	7.92309	1.58462
38.3865	0.0341471	0.00682942	7.25958	1.45192
38.3874	0.0408649	0.00817298	6.67044	1.33409
38.3886	0.0485723	0.00971446	6.13827	1.22765
38.3902	0.0574854	0.0114971	5.65328	1.13066
38.3921	0.0678422	0.0135684	5.20893	1.04179
38.3945	0.0799144	0.0159829	4.80044	0.960087
38.3976	0.0940167	0.0188033	4.42404	0.884808
38.4014	0.110516	0.0221032	4.07666	0.815332
38.4064	0.129842	0.0259684	3.75566	0.751132
38.4127	0.152498	0.0304996	3.45877	0.691754
38.4207	0.179075	0.0358149	3.18396	0.636793
38.4309	0.210266	0.0420531	2.92943	0.585885
38.444	0.246885	0.0493769	2.69352	0.538704
38.4607	0.289885	0.0579771	2.47474	0.494947
38.482	0.340385	0.068077	2.27171	0.454341
38.5093	0.399689	0.0799377	2.08315	0.416631
38.5443	0.469318	0.0938636	1.9079	0.381581
38.5891	0.551041	0.110208	1.74486	0.348971
38.6467	0.646903	0.129381	1.59299	0.318598
38.7207	0.759255	0.151851	1.45134	0.290269
38.8159	0.890778	0.178156	1.319	0.2638
38.9385	1.0445	0.2089	1.1951	0.239019
39.0958	1.22296	0.244591	1.07928	0.215855
39.2939	1.42563	0.285127	0.972442	0.194488
39.5429	1.65477	0.330954	0.87321	0.174642
39.8547	1.9119	0.382381	0.780538	0.156108
40.2439	2.19794	0.439589	0.693459	0.138692
40.7278	2.51271	0.502542	0.611076	0.122215
41.3271	2.85436	0.570871	0.53253	0.106506
42.0656	3.21861	0.643723	0.456971	0.0913942
42.9707	3.59774	0.719549	0.383514	0.0767027
44.0727	3.97921	0.795842	0.311186	0.0622372
45.4042	4.34397	0.868795	0.238838	0.0477677
46.9981	4.66442	0.932883	0.164989	0.0329978
48.887	4.90165	0.980331	0.0874901	0.017498
51.1066	5.00107	1.00021	0.00265581	0.000531162
53.5837	4.89118	0.978235	-0.0920783	-0.0184157
56.0609	4.53714	0.907428	-0.196372	-0.0392744
57.6261	4.17072	0.834144	-0.274	-0.0548001
58.9773	3.74764	0.749529	-0.355131	-0.0710262
60.0468	3.32647	0.665294	-0.43569	-0.087138
60.8975	2.92238	0.584475	-0.517892	-0.103578
61.5702	2.54674	0.509349	-0.602814	-0.120563
62.0971	2.20695	0.441391	-0.690929	-0.138186
62.495	1.91528	0.383057	-0.779422	-0.155884
62.8015	1.6632	0.33264	-0.869897	-0.173979
63.0405	1.4446	0.28892	-0.963472	-0.192694
63.2308	1.25231	0.250463	-1.0624	-0.21248
63.3819	1.08427	0.216853	-1.16707	-0.233414
63.5019	0.937813	0.187563	-1.27813	-0.255625
63.5974	0.810491	0.162098	-1.39622	-0.279244
63.6732	0.700012	0.140002	-1.52202	-0.304403
63.7336	0.604293	0.120859	-1.65623	-0.331246
63.7816	0.521458	0.104292	-1.7996	-0.359921
63.8199	0.449839	0.0899678	-1.95294	-0.390587
63.8504	0.387962	0.0775923	-2.11707	-0.423415
63.8746	0.334529	0.0669058	-2.29292	-0.458585
63.894	0.288406	0.0576812	-2.48146	-0.496291
63.9094	0.248603	0.0497206	-2.68372	-0.536744
63.9218	0.214258	0.0428517	-2.90085	-0.580171
63.9316	0.184624	0.0369248	-3.13408	-0.626817
63.9395	0.159051	0.0318103	-3.38476	-0.676952
63.9457	0.136979	0.0273957	-3.65437	-0.730874
63.9508	0.11792	0.023584	-3.94456	-0.788912
63.9548	0.101454	0.0202908	-4.2572	-0.85144
63.958	0.0872173	0.0174435	-4.59441	-0.918883
63.9606	0.0748935	0.0149787	-4.9587	-0.99174
63.9627	0.0642082	0.0128416	-5.35307	-1.07061
63.9643	0.0549218	0.0109844	-5.78129	-1.15626
63.9657	0.0468225	0.00936449	-6.24835	-1.24967
63.9668	0.039719	0.00794379	-6.76135	-1.35227
63.9677	0.0334292	0.00668585	-7.33157	-1.46631
63.9684	0.0277552	0.00555103	-7.98023	-1.59605
63.9691	0.0223858	0.00447717	-8.76258	-1.75252
63.9698	0.0155897	0.00311794	-10.1001	-2.02003
63.97	0.0135917	0.00271834	-10.5895	-2.11791
63.9702	0.0111155	0.0022231	-11.2625	-2.25249
63.9705	0.00826898	0.0016538	-12.1094	-2.42187
63.9708	0.00449933	0.000899866	-13.2064	-2.64128
63.971	0.00145024	0.000290047	-13.779	-2.7558
63.9712	-0.00129451	-0.000258902	-13.7941	-2.75881
63.9714	-0.00383426	-0.000766853	-13.3688	-2.67376
63.9716	-0.00626975	-0.00125395	-12.7139	-2.54278
63.9718	-0.00928528	-0.00185706	-11.8009	-2.36017
63.9721	-0.0131642	-0.00263284	-10.7006	-2.14011
63.9725	-0.0173033	-0.00346067	-9.71789	-1.94358
63.9732	-0.0232832	-0.00465664	-8.61769	-1.72354
63.9739	-0.0286677	-0.00573355	-7.86522	-1.57304
63.9747	-0.03467	-0.00693399	-7.20839	-1.44168
63.9756	-0.0414614	-0.00829228	-6.62447	-1.32489
63.9769	-0.0492601	-0.00985201	-6.09652	-1.2193
63.9784	-0.058283	-0.0116566	-5.6151	-1.12302
63.9804	-0.0687707	-0.0137541	-5.17388	-1.03478
63.9828	-0.0809982	-0.0161996	-4.76817	-0.953634
63.986	-0.0952839	-0.0190568	-4.39428	-0.878856
63.9899	-0.112	-0.0223999	-4.04917	-0.809835
63.995	-0.131581	-0.0263161	-3.73025	-0.74605
64.0014	-0.154537	-0.0309073	-3.43526	-0.687052
64.0096	-0.181467	-0.0362934	-3.16219	-0.632439
64.02	-0.213074	-0.0426148	-2.90926	-0.581852
64.0333	-0.250182	-0.0500365	-2.67482	-0.534964
64.0503	-0.293758	-0.0587517	-2.45739	-0.491478
64.0721	-0.344934	-0.0689867	-2.2556	-0.451121
64.1	-0.40503	-0.081006	-2.0682	-0.413639
64.1357	-0.475589	-0.0951178	-1.894	-0.378799
64.1815	-0.5584	-0.11168	-1.73191	-0.346383
64.2402	-0.655532	-0.131106	-1.58093	-0.316186
64.3158	-0.769363	-0.153873	-1.44008	-0.288017
64.413	-0.902604	-0.180521	-1.30847	-0.261695
64.5382	-1.05831	-0.211662	-1.18523	-0.237046
64.6986	-1.23868	-0.247736	-1.07021	-0.214041
64.9004	-1.44347	-0.288694	-0.96404	-0.192808
65.1541	-1.67486	-0.334972	-0.865389	-0.173078
65.4717	-1.93436	-0.386872	-0.773215	-0.154643
65.868	-2.22281	-0.444561	-0.686558	-0.137312
66.3606	-2.5399	-0.50798	-0.604526	-0.120905
66.9703	-2.88364	-0.576728	-0.526262	-0.105252
67.7214	-3.24951	-0.649902	-0.450914	-0.0901828
68.6416	-3.62944	-0.725888	-0.377594	-0.0755187
69.7613	-4.01043	-0.802086	-0.305318	-0.0610635
71.1132	-4.37283	-0.874567	-0.232917	-0.0465834
72.7303	-4.68822	-0.937644	-0.158872	-0.0317744
74.6449	-4.91664	-0.983327	-0.0809561	-0.0161912
76.8941	-5.00181	-1.00036	0.00472226	0.000944451
79.3718	-4.87334	-0.974668	0.0998055	0.0199611
81.8495	-4.49874	-0.899749	0.20538	0.0410759
83.3459	-4.13652	-0.827305	0.280866	0.0561731
84.6766	-3.71057	-0.742114	0.362239	0.0724478
85.7244	-3.29048	-0.658097	0.442829	0.0885657
86.5581	-2.88846	-0.577691	0.525224	0.105045
87.2171	-2.51558	-0.503117	0.610432	0.122086
87.7311	-2.18023	-0.436047	0.698518	0.139704
88.12	-1.89214	-0.378429	0.787154	0.157431
88.4197	-1.64326	-0.328652	0.87781	0.175562
88.6542	-1.427	-0.285399	0.971829	0.194366
88.8407	-1.2369	-0.247381	1.07122	0.214245
88.9888	-1.07082	-0.214164	1.17642	0.235284
89.1065	-0.926108	-0.185222	1.28806	0.257611
89.2	-0.800326	-0.160065	1.40678	0.281357
89.2744	-0.691199	-0.13824	1.53328	0.306656
89.3336	-0.596661	-0.119332	1.66825	0.33365
89.3807	-0.514857	-0.102971	1.81245	0.36249
89.4182	-0.444134	-0.0888268	1.96668	0.393337
89.4481	-0.383034	-0.0766068	2.13179	0.426359
89.4719	-0.330275	-0.0660549	2.3087	0.46174
89.4909	-0.284734	-0.0569469	2.49837	0.499675
89.506	-0.245435	-0.0490869	2.70187	0.540375
89.5181	-0.211524	-0.0423049	2.92034	0.584069
89.5278	-0.182265	-0.036453	3.15503	0.631005
89.5355	-0.157015	-0.031403	3.40728	0.681455
89.5416	-0.135221	-0.0270442	3.67859	0.735719
89.5466	-0.116402	-0.0232804	3.97065	0.794129
89.5505	-0.100142	-0.0200284	4.28532	0.857064
89.5537	-0.0860821	-0.0172164	4.62476	0.924953
89.5562	-0.07391	-0.014782	4.99152	0.998304
89.5582	-0.0633545	-0.0126709	5.38865	1.07773
89.5599	-0.0541786	-0.0108357	5.82	1.164
89.5612	-0.0461726	-0.00923451	6.29071	1.25814
89.5623	-0.0391465	-0.00782929	6.80812	1.36162
89.5632	-0.0329183	-0.00658365	7.38405	1.47681
89.5639	-0.027286	-0.0054572	8.04119	1.60824
89.5645	-0.0219153	-0.00438306	8.84113	1.76823
89.5652	-0.0151584	-0.00303168	10.2017	2.04034
89.5654	-0.0132209	-0.00264418	10.6857	2.13714
89.5657	-0.0106467	-0.00212933	11.3976	2.27951
89.5659	-0.00772689	-0.00154538	12.2748	2.45496
89.5662	-0.00402573	-0.000805147	13.3237	2.66475
89.5666	0.00092057	0.000184114	13.8234	2.76468
89.5667	0.00284223	0.000568446	13.5767	2.71534
89.5669	0.00530233	0.00106047	12.9916	2.59832
89.5671	0.00796706	0.00159341	12.2014	2.44029
89.5675	0.0125471	0.00250943	10.8646	2.17292
89.5679	0.0166615	0.0033323	9.85706	1.97141
89.5686	0.0228483	0.00456966	8.68704	1.73741
89.5692	0.0283923	0.00567845	7.89937	1.57987
89.57	0.0343558	0.00687117	7.23892	1.44778
89.571	0.041103	0.00822061	6.65187	1.33037
89.5722	0.0488467	0.00976934	6.12139	1.22428
89.5737	0.0578035	0.0115607	5.63783	1.12757
89.5757	0.0682123	0.0136425	5.19473	1.03895
89.5781	0.0803462	0.0160692	4.78735	0.95747
89.5812	0.0945213	0.0189043	4.41196	0.882391
89.5851	0.111106	0.0222213	4.06548	0.813095
89.5901	0.130533	0.0261066	3.7453	0.749061
89.5964	0.153308	0.0306616	3.44916	0.689833
89.6045	0.180024	0.0360048	3.17504	0.635008
89.6148	0.211379	0.0422757	2.92113	0.584227
89.628	0.24819	0.0496379	2.6858	0.53716
89.6448	0.291416	0.0582831	2.46755	0.493509
89.6663	0.342178	0.0684357	2.26499	0.452999
89.6938	0.40179	0.0803579	2.07688	0.415376
89.7291	0.471777	0.0943555	1.90203	0.380406
89.7743	0.553917	0.110783	1.73935	0.347869
89.8324	0.650262	0.130052	1.58781	0.317561
89.907	0.763171	0.152634	1.44645	0.28929
90.003	0.895332	0.179066	1.31436	0.262873
90.1266	1.04978	0.209956	1.19069	0.238137
90.2851	1.2289	0.245781	1.07514	0.215029
90.4847	1.43229	0.286458	0.968532	0.193706
90.7355	1.66214	0.332428	0.869482	0.173896
91.0495	1.91997	0.383993	0.776953	0.155391
91.4414	2.20662	0.441324	0.689979	0.137996
91.9286	2.52184	0.504367	0.607664	0.121533
92.5318	2.86367	0.572734	0.529148	0.10583
93.2749	3.22769	0.645538	0.453577	0.0907154
94.1854	3.60596	0.721192	0.380061	0.0760122
95.2935	3.98565	0.797129	0.307617	0.0615234
96.6317	4.34736	0.869472	0.23508	0.047016
98.2328	4.66301	0.932602	0.160937	0.0321874
100.129	4.89308	0.978617	0.082979	0.0165958
102.357	4.98201	0.996401	-0.00263364	-0.000526727
104.819	4.85938	0.971876	-0.0977674	-0.0195535
107.281	4.49235	0.89847	-0.203133	-0.0406266
108.789	4.13007	0.826014	-0.279434	-0.0558868
110.118	3.70658	0.741316	-0.360901	-0.0721802
111.166	3.28777	0.657555	-0.44165	-0.0883301
111.999	2.88668	0.577337	-0.524163	-0.104833
112.658	2.51444	0.502889	-0.60947	-0.121894
113.173	2.17939	0.435878	-0.697673	-0.139535
113.562	1.89154	0.378308	-0.786394	-0.157279
113.862	1.64282	0.328565	-0.877119	-0.175424
114.096	1.42671	0.285342	-0.971187	-0.194237
114.283	1.23671	0.247343	-1.07063	-0.214125
114.431	1.0707	0.214139	-1.17586	-0.235172
114.548	0.926034	0.185207	-1.28753	-0.257506
114.642	0.800285	0.160057	-1.40629	-0.281258
114.716	0.69118	0.138236	-1.53281	-0.306562
114.776	0.596657	0.119331	-1.6678	-0.333561
114.823	0.514862	0.102972	-1.81202	-0.362405
114.86	0.444145	0.088829	-1.96627	-0.393254
114.89	0.383048	0.0766096	-2.1314	-0.426279
114.914	0.33029	0.0660581	-2.30831	-0.461662
114.933	0.28475	0.0569501	-2.49799	-0.499599
114.948	0.24545	0.0490901	-2.7015	-0.540301
114.96	0.211539	0.0423079	-2.91998	-0.583996
114.97	0.182279	0.0364558	-3.15466	-0.630932
114.977	0.157028	0.0314056	-3.40691	-0.681382
114.984	0.135233	0.0270465	-3.67823	-0.735645
114.989	0.116412	0.0232824	-3.97027	-0.794055
114.992	0.100151	0.0200303	-4.28494	-0.856988
114.996	0.0860905	0.0172181	-4.62438	-0.924875
114.998	0.0739174	0.0147835	-4.99112	-0.998224
115	0.0633611	0.0126722	-5.38823	-1.07765
115.002	0.0541844	0.0108369	-5.81957	-1.16391
115.003	0.0461777	0.00923554	-6.29025	-1.25805
115.004	0.0391511	0.00783022	-6.80763	-1.36153
115.005	0.0329224	0.00658448	-7.38352	-1.4767
115.006	0.0272899	0.00545797	-8.04058	-1.60812
115.006	0.0219192	0.00438385	-8.84038	-1.76808
115.007	0.0151621	0.00303241	-10.2008	-2.04015
115.007	0.0132241	0.00264482	-10.6848	-2.13696
115.008	0.0106506	0.00213012	-11.3963	-2.27927
115.008	0.00773155	0.00154631	-12.2733	-2.45466
115.008	0.00402992	0.000805984	-13.3227	-2.66454
115.009	-0.000901657	-0.000180331	-13.8246	-2.76492
115.009	-0.00282028	-0.000564055	-13.5807	-2.71614
115.009	-0.00528144	-0.00105629	-12.9973	-2.59947
115.009	-0.00794068	-0.00158814	-12.2094	-2.44188
115.009	-0.0124736	-0.00249473	-10.8844	-2.17688
115.01	-0.0165494	-0.00330988	-9.88178	-1.97636
115.011	-0.023321	-0.00466421	-8.61155	-1.72231
115.011	-0.0293384	-0.00586769	-7.78334	-1.55667
115.012	-0.0354001	-0.00708003	-7.13835	-1.42767
115.013	-0.0422966	-0.00845932	-6.56138	-1.31228
115.014	-0.0502235	-0.0100447	-6.03913	-1.20783
115.016	-0.0594006	-0.0118801	-5.56257	-1.11251
115.018	-0.0700719	-0.0140144	-5.1256	-1.02512
115.021	-0.0825166	-0.0165033	-4.72368	-0.944737
115.024	-0.097059	-0.0194118	-4.35321	-0.870642
115.028	-0.114077	-0.0228154	-4.01119	-0.802239
115.033	-0.134014	-0.0268029	-3.69509	-0.739018
115.04	-0.15739	-0.0314779	-3.40268	-0.680535
115.048	-0.184813	-0.0369625	-3.13197	-0.626394
115.059	-0.216999	-0.0433997	-2.8812	-0.576239
115.072	-0.254787	-0.0509573	-2.64874	-0.529748
115.09	-0.29916	-0.059832	-2.43313	-0.486626
115.112	-0.351269	-0.0702539	-2.23301	-0.446602
115.141	-0.412459	-0.0824918	-2.04713	-0.409425
115.178	-0.484295	-0.096859	-1.87432	-0.374863
115.225	-0.568594	-0.113719	-1.7135	-0.3427
115.285	-0.667455	-0.133491	-1.56366	-0.312732
115.363	-0.783287	-0.156657	-1.42385	-0.284771
115.463	-0.918832	-0.183766	-1.29317	-0.258634
115.592	-1.07717	-0.215434	-1.17075	-0.234149
115.757	-1.26	-0.252	-1.05672	-0.211344
115.964	-1.46744	-0.293489	-0.951369	-0.190274
116.224	-1.70158	-0.340315	-0.853402	-0.17068
116.549	-1.96381	-0.392762	-0.761786	-0.152357
116.955	-2.25482	-0.450963	-0.675568	-0.135114
117.46	-2.57407	-0.514815	-0.593859	-0.118772
118.084	-2.91925	-0.583849	-0.515799	-0.10316
118.852	-3.28535	-0.65707	-0.44053	-0.0881059
119.792	-3.66367	-0.732734	-0.367146	-0.0734292
120.934	-4.04035	-0.808069	-0.294637	-0.0589273
122.312	-4.3946	-0.878919	-0.221784	-0.0443568
123.957	-4.69653	-0.939305	-0.146977	-0.0293954
125.901	-4.90424	-0.980848	-0.067799	-0.0135598
128.185	-4.95828	-0.991656	0.0201424	0.00402849
130.631	-4.79257	-0.958515	0.116428	0.0232856
133.077	-4.37863	-0.875725	0.225284	0.0450569
134.422	-4.02888	-0.805776	0.296881	0.0593763
135.693	-3.60122	-0.720245	0.379106	0.0758211
136.683	-3.18719	-0.637437	0.460157	0.0920313
137.472	-2.79301	-0.558602	0.543363	0.108673
138.094	-2.4291	-0.485821	0.629594	0.125919
138.575	-2.10633	-0.421266	0.717877	0.143575
138.94	-1.82843	-0.365685	0.807102	0.16142
139.222	-1.58853	-0.317706	0.898418	0.179684
139.445	-1.37891	-0.275782	0.993782	0.198756
139.621	-1.19496	-0.238991	1.09458	0.218916
139.761	-1.03431	-0.206862	1.20133	0.240265
139.873	-0.894407	-0.178881	1.31466	0.262931
139.961	-0.772846	-0.154569	1.43523	0.287045
140.032	-0.667412	-0.133482	1.56372	0.312744
140.088	-0.576092	-0.115218	1.70086	0.340172
140.133	-0.497084	-0.0994168	1.84741	0.369483
140.168	-0.428788	-0.0857575	2.00419	0.400837
140.196	-0.369789	-0.0739578	2.17204	0.434409
140.219	-0.318847	-0.0637694	2.35192	0.470384
140.237	-0.274876	-0.0549753	2.5448	0.50896
140.251	-0.236932	-0.0473863	2.75177	0.550354
140.263	-0.20419	-0.040838	2.97399	0.594798
140.272	-0.175938	-0.0351876	3.21273	0.642546
140.279	-0.151556	-0.0303113	3.46938	0.693876
140.285	-0.130509	-0.0261018	3.74547	0.749094
140.29	-0.112332	-0.0224665	4.04272	0.808543
140.294	-0.0966251	-0.019325	4.36306	0.872613
140.297	-0.0830393	-0.0166079	4.70875	0.941749
140.299	-0.0712736	-0.0142547	5.08241	1.01648
140.301	-0.0610653	-0.0122131	5.48726	1.09745
140.302	-0.0521846	-0.0104369	5.92742	1.18548
140.304	-0.0444274	-0.00888547	6.40842	1.28168
140.305	-0.0376068	-0.00752137	6.93838	1.38768
140.306	-0.0315398	-0.00630797	7.53082	1.50616
140.306	-0.0260105	-0.00520209	8.21331	1.64266
140.307	-0.0205922	-0.00411844	9.07191	1.81438
140.308	-0.0139129	-0.00278257	10.5075	2.10149
140.308	-0.0121471	-0.00242942	10.9733	2.19467
140.308	-0.00937832	-0.00187566	11.7727	2.35455
140.308	-0.00611132	-0.00122226	12.7603	2.55206
140.309	-0.00245064	-0.000490129	13.6451	2.72902
140.309	0.000336664	6.73328e-05	13.8497	2.76994
140.309	0.00215022	0.000430045	13.6918	2.73835
140.309	0.00467946	0.000935892	13.1597	2.63194
140.309	0.00720585	0.00144117	12.4332	2.48664
140.31	0.0108774	0.00217548	11.3307	2.26613
140.31	0.0146438	0.00292877	10.3257	2.06513
140.31	0.0193877	0.00387753	9.29593	1.85919
140.311	0.0251154	0.00502307	8.34032	1.66806
140.312	0.030741	0.00614821	7.61979	1.52396
140.313	0.0369974	0.00739948	6.992	1.3984
140.314	0.044125	0.00882501	6.42948	1.2859
140.315	0.0523356	0.0104671	5.91904	1.18381
140.317	0.0618531	0.0123706	5.45262	1.09052
140.319	0.0729292	0.0145858	5.02456	1.00491
140.321	0.0858533	0.0171707	4.63061	0.926122
140.325	0.100962	0.0201923	4.26732	0.853465
140.329	0.118648	0.0237295	3.93184	0.786369
140.335	0.139371	0.0278742	3.62171	0.724341
140.342	0.163673	0.0327345	3.33475	0.666951
140.351	0.192186	0.0384371	3.06906	0.613812
140.362	0.225654	0.0451307	2.82289	0.564578
140.377	0.264949	0.0529898	2.59467	0.518934
140.395	0.311094	0.0622187	2.38295	0.47659
140.419	0.365282	0.0730565	2.18641	0.437281
140.449	0.428911	0.0857822	2.00381	0.400761
140.488	0.503604	0.100721	1.83401	0.366802
140.538	0.591243	0.118249	1.67596	0.335191
140.603	0.694	0.1388	1.52864	0.305729
140.685	0.814363	0.162873	1.39113	0.278227
140.792	0.955156	0.191031	1.26253	0.252507
140.929	1.11954	0.223908	1.14199	0.228398
141.103	1.30813	0.261627	1.03021	0.206042
141.322	1.5219	0.30438	0.926752	0.18535
141.597	1.76273	0.352547	0.830416	0.166083
141.941	2.0319	0.406381	0.74019	0.148038
142.369	2.32983	0.465967	0.65514	0.131028
142.9	2.65561	0.531123	0.574385	0.114877
143.557	3.00634	0.601268	0.49707	0.0994141
144.364	3.37622	0.675244	0.422329	0.0844657
145.35	3.75542	0.751083	0.349236	0.0698471
146.547	4.12854	0.825707	0.27674	0.0553479
147.986	4.47278	0.894555	0.203548	0.0407095
149.701	4.7556	0.95112	0.127901	0.0255802
151.723	4.93151	0.986301	0.0470563	0.00941127
154.099	4.93473	0.986946	-0.044323	-0.0088646
156.474	4.71771	0.943542	-0.139796	-0.0279592
158.578	4.32503	0.865005	-0.236292	-0.0472584
160.031	3.92545	0.78509	-0.316568	-0.0633135
161.216	3.5041	0.70082	-0.397465	-0.0794929
162.158	3.09299	0.618598	-0.479068	-0.0958136
162.904	2.7055	0.5411	-0.562873	-0.112575
163.493	2.34934	0.469868	-0.649991	-0.129998
163.943	2.03796	0.407591	-0.738326	-0.147665
164.287	1.76931	0.353862	-0.828018	-0.165604
164.553	1.53764	0.307527	-0.919885	-0.183977
164.764	1.33409	0.266819	-1.01651	-0.203301
164.931	1.15579	0.231158	-1.11863	-0.223725
165.064	1.00017	0.200034	-1.22684	-0.245369
165.17	0.864727	0.172945	-1.3418	-0.268359
165.254	0.747091	0.149418	-1.46414	-0.292828
165.321	0.645096	0.129019	-1.59458	-0.318915
165.374	0.55678	0.111356	-1.73383	-0.346766
165.416	0.480387	0.0960774	-1.88267	-0.376535
165.45	0.414361	0.0828723	-2.04193	-0.408387
165.477	0.357331	0.0714662	-2.21249	-0.442498
165.498	0.308093	0.0616187	-2.39528	-0.479057
165.515	0.265596	0.0531193	-2.59133	-0.518266
165.529	0.228924	0.0457849	-2.80172	-0.560344
165.54	0.197281	0.0394562	-3.02765	-0.605529
165.548	0.169976	0.0339952	-3.2704	-0.65408
165.555	0.14641	0.0292821	-3.5314	-0.706281
165.561	0.126066	0.0252132	-3.81223	-0.762446
165.565	0.108494	0.0216988	-4.11464	-0.822928
165.569	0.0933065	0.0186613	-4.44063	-0.888127
165.572	0.0801669	0.0160334	-4.79253	-0.958507
165.574	0.0687834	0.0137567	-5.1731	-1.03462
165.576	0.0589015	0.0117803	-5.58571	-1.11714
165.577	0.050298	0.0100596	-6.03475	-1.20695
165.579	0.0427735	0.00855471	-6.52622	-1.30524
165.58	0.0361438	0.00722877	-7.06913	-1.41383
165.58	0.030223	0.0060446	-7.67907	-1.53581
165.581	0.0247746	0.00495492	-8.39008	-1.67802
165.582	0.0192117	0.00384233	-9.32983	-1.86597
165.582	0.0142637	0.00285273	-10.4194	-2.08388
165.582	0.0125829	0.00251658	-10.8549	-2.17098
165.583	0.00986466	0.00197293	-11.6273	-2.32546
165.583	0.00676919	0.00135384	-12.565	-2.51301
165.583	0.0031257	0.00062514	-13.522	-2.7044
165.583	-0.000494432	-9.88865e-05	-13.845	-2.76899
165.584	-0.00232355	-0.000464709	-13.6655	-2.7331
165.584	-0.00482836	-0.000965673	-13.1205	-2.62409
165.584	-0.00738335	-0.00147667	-12.3793	-2.47586
165.584	-0.011271	-0.0022542	-11.218	-2.2436
165.585	-0.0150681	-0.00301362	-10.2231	-2.04462
165.585	-0.0200633	-0.00401266	-9.16858	-1.83372
165.586	-0.0256693	-0.00513387	-8.26108	-1.65222
165.586	-0.0313441	-0.00626883	-7.55233	-1.51047
165.587	-0.0376793	-0.00753586	-6.93206	-1.38641
165.588	-0.0449074	-0.00898148	-6.37532	-1.27506
165.59	-0.0532404	-0.0106481	-5.86968	-1.17394
165.592	-0.0629044	-0.0125809	-5.40738	-1.08148
165.594	-0.0741546	-0.0148309	-4.98298	-0.996596
165.596	-0.0872846	-0.0174569	-4.59229	-0.918458
165.6	-0.102636	-0.0205273	-4.23196	-0.846391
165.604	-0.120609	-0.0241218	-3.89916	-0.779832
165.61	-0.14167	-0.0283341	-3.59148	-0.718295
165.617	-0.16637	-0.033274	-3.30677	-0.661354
165.626	-0.195351	-0.0390702	-3.04314	-0.608627
165.638	-0.22937	-0.0458739	-2.79886	-0.559773
165.653	-0.269312	-0.0538625	-2.57238	-0.514477
165.672	-0.316217	-0.0632435	-2.36227	-0.472454
165.696	-0.371299	-0.0742598	-2.1672	-0.433439
165.728	-0.435975	-0.087195	-1.98595	-0.39719
165.768	-0.511893	-0.102379	-1.8174	-0.363479
165.819	-0.600966	-0.120193	-1.66048	-0.332096
165.885	-0.705394	-0.141079	-1.5142	-0.302841
165.97	-0.8277	-0.16554	-1.37764	-0.275528
166.079	-0.97074	-0.194148	-1.2499	-0.249979
166.22	-1.13771	-0.227543	-1.13012	-0.226025
166.398	-1.32876	-0.265752	-1.01926	-0.203853
166.622	-1.54521	-0.309042	-0.916579	-0.183316
166.903	-1.78888	-0.357776	-0.820909	-0.164182
167.255	-2.06097	-0.412195	-0.731251	-0.14625
167.693	-2.3618	-0.47236	-0.646676	-0.129335
168.236	-2.69028	-0.538056	-0.566309	-0.113262
168.907	-3.04325	-0.60865	-0.489293	-0.0978587
169.731	-3.41457	-0.682914	-0.414759	-0.0829519
170.737	-3.7939	-0.75878	-0.341773	-0.0683546
171.957	-4.16518	-0.833036	-0.269264	-0.0538528
173.422	-4.50472	-0.900944	-0.195905	-0.0391809
175.167	-4.77883	-0.955766	-0.119866	-0.0239732
177.222	-4.9404	-0.98808	-0.0382467	-0.00764933
179.639	-4.92056	-0.984113	0.0547848	0.010957
182.056	-4.6714	-0.93428	0.153109	0.0306219
183.998	-4.28839	-0.857677	0.243918	0.0487836
185.418	-3.88724	-0.777448	0.323842	0.0647685
186.579	-3.46577	-0.693154	0.404805	0.080961
187.501	-3.05643	-0.611285	0.486556	0.0973112
188.232	-2.67158	-0.534317	0.570623	0.114125
188.809	-2.31851	-0.463703	0.6581	0.13162
189.247	-2.01153	-0.402306	0.746471	0.149294
189.583	-1.74647	-0.349295	0.836354	0.167271
189.843	-1.51797	-0.303595	0.928445	0.185689
190.049	-1.31679	-0.263358	1.02557	0.205114
190.213	-1.14067	-0.228135	1.12822	0.225644
190.343	-0.987003	-0.197401	1.23703	0.247405
190.447	-0.85328	-0.170656	1.35263	0.270525
190.529	-0.737161	-0.147432	1.47568	0.295137
190.594	-0.636493	-0.127299	1.60689	0.321379
190.646	-0.549336	-0.109867	1.74699	0.349398
190.688	-0.473951	-0.0947903	1.89675	0.37935
190.721	-0.408801	-0.0817603	2.05701	0.411401
190.747	-0.35253	-0.0705061	2.22864	0.445728
190.768	-0.303949	-0.0607899	2.4126	0.48252
190.785	-0.26202	-0.0524041	2.60991	0.521982
190.798	-0.225839	-0.0451677	2.82167	0.564334
190.809	-0.194619	-0.0389237	3.04908	0.609815
190.817	-0.167678	-0.0335357	3.29343	0.658687
190.824	-0.144427	-0.0288854	3.55618	0.711236
190.83	-0.124353	-0.0248707	3.8389	0.76778
190.834	-0.107014	-0.0214029	4.14337	0.828675
190.838	-0.092027	-0.0184054	4.47163	0.894326
190.84	-0.0790592	-0.0158118	4.82603	0.965205
190.843	-0.0678228	-0.0135646	5.20936	1.04187
190.844	-0.0580665	-0.0116133	5.6251	1.12502
190.846	-0.0495694	-0.00991388	6.07773	1.21555
190.847	-0.0421341	-0.00842682	6.57346	1.31469
190.848	-0.035577	-0.00711541	7.1217	1.42434
190.849	-0.0297107	-0.00594213	7.73898	1.5478
190.849	-0.0242878	-0.00485756	8.46254	1.69251
190.85	-0.0186226	-0.00372452	9.44553	1.88911
190.851	-0.014401	-0.00288019	10.3854	2.07707
190.851	-0.0127587	-0.00255173	10.8078	2.16155
190.851	-0.0100623	-0.00201246	11.5687	2.31374
190.851	-0.00702084	-0.00140417	12.4892	2.49785
190.851	-0.00337081	-0.000674162	13.4715	2.69431
190.852	-0.000137957	-2.75915e-05	13.8531	2.77062
190.852	0.00196018	0.000392035	13.7185	2.74369
190.852	0.00452344	0.000904689	13.2001	2.64002
190.852	0.00696789	0.00139358	12.5052	2.50104
190.853	0.0104452	0.00208904	11.4561	2.29122
190.853	0.0141983	0.00283967	10.4357	2.08714
190.853	0.0187239	0.00374477	9.4254	1.88508
190.854	0.0246667	0.00493334	8.40599	1.6812
190.855	0.0302563	0.00605125	7.67523	1.53505
190.856	0.0364504	0.00729007	7.04116	1.40823
190.857	0.043498	0.0086996	6.47385	1.29477
190.858	0.0516109	0.0103222	5.95946	1.19189
190.86	0.0610114	0.0122023	5.48963	1.09793
190.862	0.0719483	0.0143897	5.05858	1.01172
190.864	0.0847076	0.0169415	4.66195	0.93239
190.868	0.0996215	0.0199243	4.29625	0.859249
190.872	0.117078	0.0234156	3.95857	0.791713
190.877	0.137531	0.0275062	3.64642	0.729284
190.884	0.161514	0.0323029	3.35763	0.671525
190.893	0.189653	0.0379306	3.09024	0.618049
190.904	0.22268	0.044536	2.84252	0.568505
190.918	0.261458	0.0522915	2.61287	0.522575
190.936	0.306993	0.0613986	2.39984	0.479969
190.96	0.360467	0.0720935	2.20209	0.440419
190.99	0.423258	0.0846515	2.01839	0.403677
191.028	0.496968	0.0993936	1.84757	0.369515
191.077	0.583459	0.116692	1.68859	0.337717
191.14	0.684877	0.136975	1.54042	0.308084
191.221	0.803682	0.160736	1.40214	0.280427
191.325	0.94267	0.188534	1.27283	0.254566
191.459	1.10498	0.220995	1.15165	0.230331
191.63	1.29159	0.258318	1.03911	0.207823
191.845	1.50318	0.300636	0.935017	0.187003
192.115	1.74171	0.348343	0.838129	0.167626
192.452	2.0085	0.4017	0.747433	0.149487
192.873	2.30405	0.46081	0.661986	0.132397
193.395	2.62759	0.525518	0.580906	0.116181
194.04	2.9764	0.595281	0.503337	0.100667
194.834	3.34498	0.668997	0.428413	0.0856827
195.804	3.72387	0.744774	0.355218	0.0710436
196.982	4.0982	0.819639	0.282714	0.0565427
198.4	4.44585	0.88917	0.209632	0.0419265
200	4.7229	0.94458	0.138074	0.0276149
