0	5	1	0	0
0.001	5	1	-5.67304e-06	-1.13461e-06
0.0055	5	1	-3.12017e-05	-6.24034e-06
0.02575	5	1	-0.000146081	-2.92163e-05
0.116875	4.99996	0.999992	-0.00066309	-0.000132618
0.526938	4.99921	0.999842	-0.00299425	-0.00059885
2.37222	4.98377	0.996753	-0.0139207	-0.00278413
4.88039	4.92719	0.985438	-0.0322138	-0.00644275
6.66607	4.85387	0.970773	-0.0511617	-0.0102323
8.08912	4.76593	0.953186	-0.0740663	-0.0148133
9.27595	4.66171	0.932341	-0.103797	-0.0207593
10.2743	4.53988	0.907976	-0.14328	-0.0286559
11.1358	4.39494	0.878989	-0.197367	-0.0394735
11.8786	4.22303	0.844606	-0.270929	-0.0541858
12.3662	4.07469	0.814938	-0.341066	-0.0682132
12.8231	3.89973	0.779946	-0.428736	-0.0857471
13.2593	3.69035	0.73807	-0.534826	-0.106965
13.6955	3.43088	0.686176	-0.655869	-0.131174
14.1502	3.10572	0.621145	-0.767836	-0.153567
14.2328	3.04164	0.608329	-0.782506	-0.156501
14.3059	2.98406	0.596811	-0.793285	-0.158657
14.4167	2.89545	0.57909	-0.806141	-0.161228
14.5275	2.80544	0.561089	-0.818997	-0.163799
15.026	2.38064	0.476127	-0.889212	-0.177842
15.3989	2.03626	0.407252	-0.961592	-0.192318
15.6902	1.74541	0.349082	-1.03873	-0.207747
15.9212	1.49639	0.299278	-1.12194	-0.224388
16.1041	1.28345	0.256691	-1.21153	-0.242307
16.249	1.10124	0.220248	-1.30801	-0.261602
16.3639	0.945248	0.18905	-1.41189	-0.282379
16.4551	0.811641	0.162328	-1.52374	-0.304748
16.5275	0.697154	0.139431	-1.64415	-0.32883
16.5851	0.599006	0.119801	-1.77377	-0.354755
16.6308	0.514829	0.102966	-1.91331	-0.382662
16.6672	0.442603	0.0885206	-2.06352	-0.412703
16.6962	0.380604	0.0761208	-2.2252	-0.445041
16.7192	0.327361	0.0654722	-2.39925	-0.479851
16.7376	0.281618	0.0563236	-2.58662	-0.517324
16.7523	0.242301	0.0484602	-2.78834	-0.557668
16.764	0.208492	0.0416983	-3.00554	-0.601107
16.7733	0.179404	0.0358808	-3.23945	-0.647889
16.7808	0.154366	0.0308731	-3.49142	-0.698284
16.7867	0.132799	0.0265599	-3.76297	-0.752593
16.7915	0.11421	0.022842	-4.05575	-0.811151
16.7953	0.0981733	0.0196347	-4.37169	-0.874338
16.7984	0.084323	0.0168646	-4.71297	-0.942594
16.8008	0.0723441	0.0144688	-5.08218	-1.01644
16.8028	0.0619636	0.0123927	-5.48247	-1.09649
16.8044	0.0529435	0.0105887	-5.91784	-1.18357
16.8056	0.0450737	0.00901475	-6.39367	-1.27873
16.8067	0.0381635	0.00763271	-6.9178	-1.38356
16.8075	0.0320279	0.00640559	-7.50312	-1.50062
16.8082	0.0264546	0.00529093	-8.17536	-1.63507
16.8089	0.0210522	0.00421044	-9.01092	-1.80218
16.8096	0.0143427	0.00286854	-10.418	-2.08359
16.8098	0.0116151	0.00232302	-11.1379	-2.22758
16.8101	0.00886453	0.00177291	-11.9438	-2.38876
16.8104	0.00499246	0.000998491	-13.091	-2.61819
16.8106	0.00215839	0.000431678	-13.7044	-2.74088
16.8108	-0.000985136	-0.000197027	-13.8327	-2.76654
16.811	-0.00336043	-0.000672086	-13.4878	-2.69755
16.8112	-0.00579023	-0.00115805	-12.8682	-2.57365
16.8114	-0.00861019	-0.00172204	-12.021	-2.4042
16.8118	-0.012884	-0.0025768	-10.7919	-2.15839
16.8122	-0.0169358	-0.00338715	-9.81623	-1.96325
16.8128	-0.0226913	-0.00453827	-8.73408	-1.74682
16.8135	-0.0281976	-0.00563951	-7.94758	-1.58952
16.8142	-0.0341512	-0.00683023	-7.28502	-1.457
16.8152	-0.0408845	-0.0081769	-6.69702	-1.3394
16.8164	-0.0486151	-0.00972303	-6.16619	-1.23324
16.8179	-0.0575625	-0.0115125	-5.68271	-1.13654
16.8198	-0.0679694	-0.0135939	-5.24006	-1.04801
16.8222	-0.0801141	-0.0160228	-4.83347	-0.966693
16.8253	-0.0943205	-0.0188641	-4.45918	-0.891837
16.8292	-0.110968	-0.0221937	-4.11414	-0.822828
16.8342	-0.130505	-0.0261009	-3.79574	-0.759147
16.8405	-0.153458	-0.0306916	-3.5017	-0.700341
16.8485	-0.180454	-0.0360908	-3.23005	-0.64601
16.8588	-0.212234	-0.0424467	-2.97899	-0.595798
16.8719	-0.249678	-0.0499357	-2.74691	-0.549382
16.8886	-0.293836	-0.0587671	-2.53234	-0.506469
16.9101	-0.345953	-0.0691907	-2.33395	-0.46679
16.9376	-0.40752	-0.0815039	-2.15051	-0.430102
16.9729	-0.480313	-0.0960625	-1.98089	-0.396178
17.0183	-0.566459	-0.113292	-1.82405	-0.364811
17.0767	-0.668505	-0.133701	-1.67905	-0.33581
17.1519	-0.789509	-0.157902	-1.54499	-0.308998
17.249	-0.933144	-0.186629	-1.42106	-0.284212
17.3745	-1.10383	-0.220766	-1.30651	-0.261302
17.5369	-1.30691	-0.261381	-1.20064	-0.240129
17.7429	-1.54381	-0.308762	-1.1046	-0.22092
18.0041	-1.82034	-0.364069	-1.01715	-0.20343
18.3349	-2.14292	-0.428583	-0.93737	-0.187474
18.7533	-2.51901	-0.503802	-0.864455	-0.172891
18.8687	-2.6178	-0.523559	-0.847958	-0.169592
18.9777	-2.70945	-0.541889	-0.833467	-0.166693
19.1158	-2.82336	-0.564672	-0.816448	-0.16329
19.2045	-2.89534	-0.579068	-0.806215	-0.161243
19.3326	-2.99762	-0.599524	-0.791016	-0.158203
19.4725	-3.10677	-0.621354	-0.767635	-0.153527
19.8111	-3.35386	-0.670771	-0.687393	-0.137479
20.1498	-3.57075	-0.71415	-0.593018	-0.118604
20.5924	-3.80678	-0.761356	-0.47621	-0.095242
21.1495	-4.03781	-0.807562	-0.35935	-0.07187
21.7065	-4.21328	-0.842657	-0.275541	-0.0551082
22.3216	-4.3617	-0.872341	-0.211061	-0.0422123
23.0299	-4.49214	-0.898429	-0.160538	-0.0321075
23.8297	-4.60417	-0.920835	-0.122158	-0.0244317
24.7563	-4.7026	-0.940519	-0.0922389	-0.0184478
25.8429	-4.78913	-0.957826	-0.0685714	-0.0137143
27.1275	-4.8642	-0.972841	-0.049503	-0.00990059
28.6533	-4.927	-0.985399	-0.0337047	-0.00674094
30.4684	-4.97514	-0.995029	-0.0199936	-0.00399873
32.6235	-5.00395	-1.00079	-0.00711891	-0.00142378
35.0532	-5.00522	-1.00104	0.00605192	0.00121038
37.5865	-4.97134	-0.994268	0.0212276	0.00424553
40.1198	-4.89277	-0.978554	0.0423886	0.00847771
41.5312	-4.82105	-0.96421	0.0603444	0.0120689
42.8728	-4.72409	-0.944818	0.0861476	0.0172295
43.9698	-4.61272	-0.922543	0.119424	0.0238847
44.9039	-4.48181	-0.896361	0.164316	0.0328631
45.723	-4.32354	-0.864708	0.226973	0.0453946
46.3318	-4.16514	-0.833027	0.297839	0.0595677
46.8059	-4.00655	-0.801311	0.374897	0.0749793
47.2495	-3.82014	-0.764028	0.469408	0.0938816
47.7275	-3.56657	-0.713315	0.594988	0.118998
48.2054	-3.25044	-0.650089	0.725165	0.145033
48.3144	-3.17002	-0.634003	0.750487	0.150097
48.4166	-3.09224	-0.618447	0.771213	0.154243
48.5704	-2.97166	-0.594331	0.795358	0.159072
48.6757	-2.88721	-0.577443	0.80726	0.161452
48.7811	-2.80151	-0.560302	0.819542	0.163908
49.2553	-2.39798	-0.479597	0.885955	0.177191
49.6363	-2.04719	-0.409439	0.958989	0.191798
49.9297	-1.75521	-0.351041	1.0358	0.207161
50.1626	-1.50472	-0.300943	1.11881	0.223761
50.3471	-1.29058	-0.258117	1.20816	0.241632
50.4932	-1.10734	-0.221469	1.30438	0.260876
50.6091	-0.950475	-0.190095	1.40799	0.281597
50.7011	-0.81612	-0.163224	1.51953	0.303907
50.7741	-0.700993	-0.140199	1.63962	0.327925
50.8321	-0.602299	-0.12046	1.7689	0.353781
50.8782	-0.517654	-0.103531	1.90807	0.381614
50.9149	-0.445027	-0.0890054	2.05788	0.411575
50.9441	-0.382685	-0.0765371	2.21913	0.443827
50.9674	-0.329149	-0.0658298	2.39272	0.478544
50.9859	-0.283155	-0.0566309	2.57959	0.515918
51.0007	-0.243622	-0.0487244	2.78077	0.556154
51.0125	-0.209628	-0.0419256	2.99739	0.599477
51.0219	-0.180382	-0.0360764	3.23067	0.646134
51.0294	-0.155208	-0.0310416	3.48197	0.696393
51.0354	-0.133525	-0.026705	3.75277	0.750555
51.0402	-0.114836	-0.0229672	4.04476	0.808953
51.0441	-0.0987133	-0.0197427	4.35983	0.871966
51.0472	-0.0847898	-0.016958	4.70015	0.940029
51.0496	-0.0727481	-0.0145496	5.06829	1.01366
51.0516	-0.0623141	-0.0124628	5.46739	1.09348
51.0532	-0.0532486	-0.0106497	5.90141	1.18028
51.0545	-0.0453407	-0.00906813	6.37566	1.27513
51.0555	-0.0383989	-0.00767978	6.89787	1.37957
51.0564	-0.0322387	-0.00644773	7.48064	1.49613
51.0571	-0.0266497	-0.00532995	8.14897	1.62979
51.0578	-0.0212553	-0.00425105	8.97538	1.79508
51.0585	-0.0145343	-0.00290686	10.3708	2.07415
51.0586	-0.0126882	-0.00253765	10.8441	2.16881
51.0589	-0.0100032	-0.00200064	11.6025	2.32051
51.0591	-0.00694226	-0.00138845	12.5281	2.50561
51.0594	-0.00329254	-0.000658508	13.502	2.7004
51.0596	0.000118643	2.37286e-05	13.8669	2.77339
51.0598	0.00207477	0.000414954	13.7164	2.74329
51.06	0.00461634	0.000923269	13.1905	2.6381
51.0602	0.00713328	0.00142666	12.4704	2.49408
51.0605	0.010733	0.00214661	11.389	2.2778
51.0608	0.0144951	0.00289902	10.3804	2.07608
51.0613	0.0191656	0.00383313	9.35899	1.8718
51.062	0.0249615	0.0049923	8.38529	1.67706
51.0627	0.0305841	0.00611682	7.66235	1.53247
51.0635	0.0368329	0.00736659	7.03363	1.40673
51.0646	0.0439536	0.00879071	6.47084	1.29417
51.0659	0.0521605	0.0104321	5.96057	1.19211
51.0676	0.0616812	0.0123362	5.49467	1.09893
51.0697	0.0727717	0.0145543	5.06746	1.01349
51.0723	0.0857281	0.0171456	4.67466	0.934932
51.0757	0.100896	0.0201792	4.31283	0.862566
51.08	0.118682	0.0237363	3.97911	0.795823
51.0855	0.139564	0.0279128	3.67106	0.734212
51.0924	0.164109	0.0328219	3.38652	0.677305
51.1013	0.192989	0.0385978	3.1236	0.624721
51.1127	0.226999	0.0453998	2.88059	0.576118
51.1272	0.267085	0.0534171	2.65593	0.531186
51.1458	0.314375	0.0628749	2.44821	0.489642
51.1696	0.370208	0.0740417	2.25615	0.45123
51.2001	0.436188	0.0872377	2.07856	0.415712
51.2393	0.514228	0.102846	1.91435	0.38287
51.2896	0.60662	0.121324	1.76252	0.352504
51.3545	0.716108	0.143222	1.62215	0.324429
51.4381	0.845991	0.169198	1.49237	0.298474
51.546	1.00023	0.200047	1.37241	0.274481
51.6856	1.18361	0.236722	1.26153	0.252305
51.8648	1.40004	0.280009	1.15982	0.231963
52.092	1.65252	0.330504	1.06743	0.213486
52.38	1.94714	0.389428	0.983234	0.196647
52.7444	2.29072	0.458145	0.906363	0.181273
53.2052	2.69124	0.538247	0.836055	0.167211
53.3714	2.82849	0.565699	0.815467	0.163093
53.4501	2.89231	0.578463	0.806397	0.161279
53.5982	3.01044	0.602089	0.788472	0.157694
53.7873	3.15649	0.631298	0.754132	0.150826
54.122	3.39549	0.679098	0.670453	0.134091
54.4769	3.61583	0.723166	0.571177	0.114235
54.9586	3.86045	0.77209	0.448467	0.0896935
55.5261	4.0817	0.81634	0.337262	0.0674525
56.0937	4.24947	0.849893	0.258522	0.0517045
56.732	4.39367	0.878734	0.197227	0.0394454
57.4584	4.51861	0.903723	0.149878	0.0299756
58.2849	4.62649	0.925298	0.113533	0.0227066
59.2453	4.72094	0.944188	0.0849894	0.0169979
60.3733	4.80313	0.960625	0.0621726	0.0124345
61.7071	4.87285	0.97457	0.0434824	0.00869647
63.2893	4.92842	0.985683	0.0275654	0.00551307
65.1657	4.96607	0.993214	0.0131002	0.00262005
67.3297	4.97873	0.995746	-0.0012201	-0.00024402
69.6131	4.95869	0.991738	-0.0166423	-0.00332847
71.8965	4.89977	0.979953	-0.0360558	-0.00721115
73.5975	4.82168	0.964335	-0.0571923	-0.0114385
74.9276	4.73005	0.94601	-0.0823802	-0.016476
76.0454	4.62095	0.924189	-0.115301	-0.0230601
76.9917	4.49262	0.898523	-0.159267	-0.0318533
77.8187	4.33764	0.867527	-0.220243	-0.0440486
78.4501	4.17755	0.835511	-0.291429	-0.0582857
78.9272	4.02134	0.804269	-0.367044	-0.0734087
79.3734	3.83769	0.767538	-0.460084	-0.0920168
79.8571	3.58564	0.717129	-0.585661	-0.117132
80.3408	3.26974	0.653949	-0.718295	-0.143659
80.4509	3.1892	0.63784	-0.744557	-0.148911
80.5614	3.10562	0.621125	-0.767694	-0.153539
80.6977	2.99936	0.599871	-0.790487	-0.158097
80.8736	2.85846	0.571692	-0.811184	-0.162237
81.0825	2.68632	0.537264	-0.836835	-0.167367
81.5912	2.2417	0.44834	-0.916253	-0.183251
81.9227	1.92656	0.385312	-0.988493	-0.197699
82.1916	1.65063	0.330127	-1.06805	-0.21361
82.4037	1.41547	0.283094	-1.15348	-0.230696
82.5718	1.21421	0.242843	-1.24552	-0.249104
82.7051	1.04198	0.208396	-1.34462	-0.268924
82.8108	0.894503	0.178901	-1.45132	-0.290264
82.8947	0.768167	0.153633	-1.5662	-0.313239
82.9613	0.659892	0.131978	-1.68987	-0.337973
83.0143	0.567054	0.113411	-1.823	-0.364599
83.0564	0.487418	0.0974837	-1.9663	-0.393261
83.0899	0.419077	0.0838155	-2.12057	-0.424114
83.1166	0.360404	0.0720809	-2.28663	-0.457325
83.1378	0.31001	0.0620019	-2.46538	-0.493076
83.1547	0.266707	0.0533413	-2.65782	-0.531563
83.1683	0.229481	0.0458961	-2.865	-0.573
83.179	0.197464	0.0394927	-3.0881	-0.617619
83.1876	0.169913	0.0339826	-3.32838	-0.665676
83.1945	0.146193	0.0292385	-3.58725	-0.71745
83.2	0.125756	0.0251512	-3.86628	-0.773255
83.2044	0.108136	0.0216272	-4.16721	-0.833441
83.2079	0.0929293	0.0185859	-4.49204	-0.898407
83.2107	0.0797899	0.015958	-4.84309	-0.968619
83.213	0.0684186	0.0136837	-5.22314	-1.04463
83.2148	0.058556	0.0117112	-5.6356	-1.12712
83.2163	0.0499749	0.00999499	-6.08488	-1.21698
83.2175	0.0424735	0.00849471	-6.5771	-1.31542
83.2184	0.0358652	0.00717303	-7.12146	-1.42429
83.2192	0.029961	0.00599219	-7.73406	-1.54681
83.2199	0.024517	0.00490341	-8.45064	-1.69013
83.2205	0.0188929	0.00377859	-9.41213	-1.88243
83.221	0.0143715	0.00287431	-10.4108	-2.08217
83.2212	0.0126916	0.00253832	-10.8432	-2.16863
83.2214	0.00998717	0.00199743	-11.6073	-2.32145
83.2216	0.006923	0.0013846	-12.5339	-2.50678
83.2219	0.00327385	0.00065477	-13.5059	-2.70117
83.2222	-0.000171951	-3.43902e-05	-13.8664	-2.77327
83.2223	-0.00209085	-0.00041817	-13.7141	-2.74283
83.2225	-0.00462999	-0.000925998	-13.187	-2.63739
83.2227	-0.0071493	-0.00142986	-12.4656	-2.49311
83.223	-0.0107649	-0.00215298	-11.3798	-2.27596
83.2234	-0.0145284	-0.00290568	-10.3722	-2.07444
83.2238	-0.0192159	-0.00384317	-9.34928	-1.86986
83.2245	-0.0249975	-0.0049995	-8.38005	-1.67601
83.2252	-0.0306231	-0.00612461	-7.65793	-1.53159
83.226	-0.036877	-0.00737539	-7.02971	-1.40594
83.2271	-0.0440041	-0.00880081	-6.4673	-1.29346
83.2284	-0.0522189	-0.0104438	-5.95735	-1.19147
83.2301	-0.0617491	-0.0123498	-5.49172	-1.09834
83.2322	-0.072851	-0.0145702	-5.06475	-1.01295
83.2349	-0.0858208	-0.0171642	-4.67217	-0.934433
83.2383	-0.101005	-0.0202009	-4.31053	-0.862106
83.2426	-0.118809	-0.0237618	-3.97699	-0.795398
83.248	-0.139714	-0.0279427	-3.6691	-0.73382
83.255	-0.164285	-0.0328571	-3.38471	-0.676943
83.2639	-0.193196	-0.0386392	-3.12193	-0.624386
83.2753	-0.227243	-0.0454486	-2.87904	-0.575808
83.2898	-0.267373	-0.0534746	-2.6545	-0.530899
83.3084	-0.314714	-0.0629428	-2.44689	-0.489378
83.3323	-0.370609	-0.0741219	-2.25493	-0.450985
83.3628	-0.436662	-0.0873325	-2.07743	-0.415485
83.4021	-0.514789	-0.102958	-1.9133	-0.382661
83.4525	-0.607284	-0.121457	-1.76155	-0.35231
83.5175	-0.716895	-0.143379	-1.62125	-0.32425
83.6012	-0.846925	-0.169385	-1.49154	-0.298308
83.7093	-1.00134	-0.200268	-1.37164	-0.274328
83.8491	-1.18493	-0.236986	-1.26082	-0.252163
84.0286	-1.40158	-0.280316	-1.15917	-0.231834
84.2562	-1.65431	-0.330863	-1.06684	-0.213368
84.5447	-1.94923	-0.389846	-0.982695	-0.196539
84.9097	-2.29316	-0.458632	-0.90587	-0.181174
85.3711	-2.69407	-0.538814	-0.835602	-0.16712
85.541	-2.8342	-0.56684	-0.814631	-0.162926
85.6249	-2.90218	-0.580437	-0.805008	-0.161002
85.7298	-2.98596	-0.597193	-0.792778	-0.158556
85.8413	-3.0735	-0.614699	-0.775367	-0.155073
86.1835	-3.32634	-0.665267	-0.697694	-0.139539
86.5256	-3.549	-0.709799	-0.602895	-0.120579
86.9498	-3.78012	-0.756024	-0.489358	-0.0978716
87.4922	-4.01207	-0.802415	-0.371615	-0.074323
88.0346	-4.18912	-0.837825	-0.285972	-0.0571944
88.636	-4.33981	-0.867962	-0.219239	-0.0438479
89.3342	-4.4732	-0.894641	-0.166319	-0.0332637
90.1178	-4.58681	-0.917362	-0.126262	-0.0252523
91.0234	-4.68607	-0.937214	-0.0949907	-0.0189981
92.083	-4.77273	-0.954546	-0.0701602	-0.014032
93.3331	-4.84708	-0.969416	-0.050013	-0.0100026
94.8145	-4.90798	-0.981597	-0.0331186	-0.00662372
96.5719	-4.95248	-0.990497	-0.0181596	-0.00363193
98.652	-4.97482	-0.994964	-0.00364066	-0.000728133
100.881	-4.96648	-0.993296	0.0112482	0.00224964
103.11	-4.92289	-0.984577	0.0286021	0.00572041
105.339	-4.83339	-0.966679	0.0536948	0.010739
106.557	-4.75593	-0.951185	0.074826	0.0149652
107.747	-4.64971	-0.929942	0.106062	0.0212124
108.729	-4.52702	-0.905405	0.14676	0.0293519
109.582	-4.37994	-0.875988	0.20267	0.040534
110.291	-4.21213	-0.842427	0.275358	0.0550717
110.774	-4.06307	-0.812614	0.346334	0.0692668
111.228	-3.88627	-0.777255	0.43525	0.08705
111.665	-3.67347	-0.734693	0.542931	0.108586
112.102	-3.41001	-0.682003	0.664422	0.132884
112.562	-3.07682	-0.615364	0.774603	0.154921
112.732	-2.94293	-0.588586	0.799351	0.15987
113.128	-2.61703	-0.523406	0.847821	0.169564
113.621	-2.1806	-0.43612	0.928984	0.185797
113.938	-1.87531	-0.375061	1.00189	0.200379
114.196	-1.60672	-0.321344	1.08253	0.216507
114.4	-1.37792	-0.275585	1.16908	0.233815
114.561	-1.18209	-0.236418	1.26232	0.252463
114.689	-1.01448	-0.202896	1.36271	0.272542
114.791	-0.87095	-0.17419	1.4708	0.29416
114.871	-0.747985	-0.149597	1.58717	0.317434
114.935	-0.642591	-0.128518	1.71245	0.34249
114.986	-0.552217	-0.110443	1.84731	0.369462
115.026	-0.474688	-0.0949376	1.99248	0.398496
115.059	-0.40815	-0.08163	2.14874	0.429749
115.084	-0.35102	-0.0702041	2.31696	0.463391
115.105	-0.301948	-0.0603896	2.49803	0.499607
115.121	-0.259778	-0.0519555	2.69297	0.538595
115.134	-0.223522	-0.0447045	2.90286	0.580571
115.144	-0.192338	-0.0384676	3.12887	0.625773
115.153	-0.165501	-0.0331002	3.3723	0.674459
115.159	-0.142392	-0.0284785	3.63458	0.726916
115.164	-0.122481	-0.0244961	3.91731	0.783461
115.169	-0.10531	-0.0210621	4.22227	0.844454
115.172	-0.0904891	-0.0180978	4.55151	0.910303
115.175	-0.0776796	-0.0155359	4.90743	0.981486
115.177	-0.0665901	-0.013318	5.29288	1.05858
115.179	-0.0569674	-0.0113935	5.71143	1.14229
115.18	-0.0485894	-0.00971787	6.16773	1.23355
115.181	-0.0412575	-0.0082515	6.66828	1.33366
115.182	-0.0347865	-0.00695731	7.22313	1.44463
115.183	-0.0289837	-0.00579675	7.85037	1.57007
115.184	-0.023581	-0.0047162	8.59284	1.71857
115.184	-0.0176754	-0.00353508	9.65869	1.93174
115.185	-0.0142435	-0.0028487	10.4426	2.08851
115.185	-0.0122959	-0.00245919	10.9499	2.18999
115.185	-0.00956441	-0.00191288	11.733	2.34661
115.185	-0.00636659	-0.00127332	12.7001	2.54001
115.186	-0.00271663	-0.000543326	13.6134	2.72268
115.186	0.000433848	8.67696e-05	13.8607	2.77213
115.186	0.00231168	0.000462336	13.6812	2.73624
115.186	0.00481843	0.000963685	13.1375	2.6275
115.186	0.00737329	0.00147466	12.3976	2.47953
115.187	0.0112496	0.00224992	11.241	2.24819
115.187	0.0150478	0.00300956	10.2464	2.04929
115.188	0.0200339	0.00400678	9.19465	1.83893
115.188	0.0256532	0.00513063	8.28624	1.65725
115.189	0.0313365	0.00626731	7.57819	1.51564
115.19	0.0376839	0.00753678	6.95891	1.39178
115.191	0.0449304	0.00898609	6.40337	1.28067
115.192	0.0532911	0.0106582	5.89912	1.17982
115.194	0.062996	0.0125992	5.43841	1.08768
115.196	0.0743061	0.0148612	5.01578	1.00316
115.199	0.0875229	0.0175046	4.62709	0.925417
115.202	0.102999	0.0205998	4.26897	0.853794
115.207	0.121149	0.0242299	3.93864	0.787728
115.212	0.142463	0.0284927	3.63368	0.726737
115.22	0.167519	0.0335039	3.35199	0.670399
115.229	0.197003	0.0394006	3.09169	0.618338
115.241	0.231728	0.0463457	2.85109	0.570217
115.255	0.272662	0.0545325	2.62865	0.52573
115.275	0.320957	0.0641913	2.42299	0.484598
115.299	0.377983	0.0755967	2.23283	0.446566
115.331	0.445381	0.0890761	2.057	0.411399
115.371	0.525106	0.105021	1.89441	0.378882
115.423	0.619504	0.123901	1.74409	0.348817
115.49	0.731386	0.146277	1.6051	0.32102
115.576	0.864124	0.172825	1.47661	0.295323
115.688	1.02178	0.204356	1.35784	0.271568
115.832	1.20924	0.241849	1.24806	0.249612
116.017	1.42993	0.285987	1.14761	0.229521
116.251	1.68741	0.337482	1.05631	0.211262
116.548	1.98784	0.397567	0.973089	0.194618
116.923	2.33817	0.467634	0.89709	0.179418
117.398	2.74653	0.549305	0.827564	0.165513
117.615	2.9233	0.584659	0.802088	0.160418
117.724	3.00984	0.601969	0.788626	0.157725
117.832	3.09467	0.618934	0.770439	0.154088
118.175	3.34557	0.669113	0.690415	0.138083
118.517	3.56578	0.713156	0.595122	0.119024
118.954	3.79994	0.759988	0.479393	0.0958786
119.507	4.03114	0.806228	0.362264	0.0724528
120.061	4.20692	0.841385	0.277943	0.0555885
120.672	4.35571	0.871141	0.212865	0.0425729
121.378	4.48667	0.897334	0.16166	0.032332
122.173	4.59876	0.919753	0.122756	0.0245511
123.094	4.69689	0.939378	0.0923597	0.0184719
124.173	4.78268	0.956536	0.0682175	0.0136435
125.447	4.85635	0.971271	0.0486304	0.00972607
126.958	4.91675	0.983351	0.0322104	0.00644209
128.751	4.96094	0.992188	0.0176779	0.00353558
130.875	4.98318	0.996636	0.00357954	0.000715908
133.162	4.97491	0.994982	-0.0109355	-0.0021871
135.448	4.93137	0.986273	-0.0278771	-0.00557543
137.735	4.84177	0.968353	-0.052478	-0.0104956
138.963	4.76558	0.953117	-0.0728786	-0.0145757
140.173	4.66037	0.932073	-0.103295	-0.0206589
141.169	4.53924	0.907847	-0.142845	-0.0285689
142.031	4.39455	0.87891	-0.197048	-0.0394095
142.773	4.2232	0.844639	-0.270505	-0.0541011
143.261	4.07494	0.814987	-0.34067	-0.068134
143.718	3.90007	0.780014	-0.428344	-0.0856687
144.154	3.69083	0.738167	-0.53441	-0.106882
144.59	3.43151	0.686302	-0.655459	-0.131092
145.045	3.10661	0.621322	-0.767491	-0.153498
145.139	3.03372	0.606743	-0.784007	-0.156801
145.214	2.97487	0.594974	-0.794669	-0.158934
145.323	2.88751	0.577502	-0.807067	-0.161413
145.441	2.79132	0.558263	-0.820891	-0.164178
145.973	2.33554	0.467108	-0.897606	-0.179521
146.328	2.00418	0.400837	-0.969114	-0.193823
146.614	1.71728	0.343456	-1.04708	-0.209415
146.839	1.47243	0.294486	-1.13091	-0.226182
147.017	1.26295	0.252591	-1.22121	-0.244243
147.159	1.0837	0.216741	-1.31845	-0.26369
147.271	0.930235	0.186047	-1.42314	-0.284629
147.36	0.798782	0.159756	-1.53586	-0.307173
147.431	0.686135	0.137227	-1.65721	-0.331443
147.487	0.58956	0.117912	-1.78785	-0.357569
147.531	0.506727	0.101345	-1.92847	-0.385694
147.567	0.43565	0.0871301	-2.07984	-0.415968
147.595	0.374635	0.074927	-2.24279	-0.448557
147.618	0.322235	0.0644469	-2.41819	-0.483638
147.636	0.277213	0.0554426	-2.60701	-0.521402
147.65	0.238514	0.0477029	-2.8103	-0.56206
147.661	0.205235	0.041047	-3.02919	-0.605838
147.671	0.176602	0.0353203	-3.26493	-0.652986
147.678	0.151953	0.0303905	-3.51888	-0.703777
147.684	0.13072	0.026144	-3.79257	-0.758515
147.688	0.112417	0.0224834	-4.0877	-0.817539
147.692	0.0966256	0.0193251	-4.40618	-0.881236
147.695	0.0829855	0.0165971	-4.75026	-0.950051
147.697	0.0711862	0.0142372	-5.12256	-1.02451
147.699	0.0609588	0.0121918	-5.52632	-1.10526
147.701	0.0520687	0.0104137	-5.96565	-1.19313
147.702	0.0443081	0.00886162	-6.44611	-1.28922
147.703	0.0374878	0.00749756	-6.97592	-1.39518
147.704	0.0314221	0.00628442	-7.56878	-1.51376
147.705	0.0258915	0.0051783	-8.25283	-1.65057
147.705	0.0204547	0.00409094	-9.11756	-1.82351
147.706	0.0137709	0.00275417	-10.5615	-2.11229
147.706	0.0121354	0.00242708	-10.9938	-2.19875
147.706	0.00934911	0.00186982	-11.7976	-2.35951
147.707	0.00606667	0.00121333	-12.7882	-2.55763
147.707	0.00240043	0.000480086	-13.6671	-2.73342
147.707	-0.000335398	-6.70796e-05	-13.8634	-2.77268
147.707	-0.00216111	-0.000432221	-13.704	-2.74079
147.707	-0.00469018	-0.000938035	-13.1713	-2.63425
147.708	-0.00722022	-0.00144404	-12.4441	-2.48881
147.708	-0.0109099	-0.00218197	-11.338	-2.2676
147.708	-0.0146814	-0.00293628	-10.3348	-2.06696
147.709	-0.0194496	-0.00388992	-9.30443	-1.86089
147.709	-0.0251726	-0.00503453	-8.3547	-1.67094
147.71	-0.030813	-0.0061626	-7.63645	-1.52729
147.711	-0.0370916	-0.00741831	-7.01066	-1.40213
147.712	-0.0442503	-0.00885006	-6.4501	-1.29002
147.713	-0.0525038	-0.0105008	-5.94169	-1.18834
147.715	-0.0620804	-0.0124161	-5.47738	-1.09548
147.717	-0.0732375	-0.0146475	-5.05158	-1.01032
147.72	-0.0862728	-0.0172546	-4.66004	-0.932008
147.723	-0.101534	-0.0203068	-4.29935	-0.85987
147.728	-0.11943	-0.0238861	-3.96667	-0.793334
147.733	-0.140443	-0.0280887	-3.65956	-0.731913
147.74	-0.165144	-0.0330287	-3.3759	-0.67518
147.749	-0.194206	-0.0388412	-3.11378	-0.622756
147.761	-0.228433	-0.0456865	-2.8715	-0.5743
147.775	-0.268776	-0.0537551	-2.64752	-0.529504
147.794	-0.316369	-0.0632738	-2.44043	-0.488086
147.818	-0.372563	-0.0745126	-2.24895	-0.44979
147.849	-0.438971	-0.0877942	-2.07189	-0.414379
147.888	-0.51752	-0.103504	-1.90818	-0.381636
147.939	-0.610516	-0.122103	-1.75681	-0.351361
148.005	-0.720725	-0.144145	-1.61685	-0.323371
148.089	-0.851467	-0.170293	-1.48747	-0.297493
148.198	-1.00673	-0.201347	-1.36786	-0.273573
148.339	-1.19134	-0.238267	-1.25731	-0.251463
148.52	-1.40904	-0.281808	-1.15598	-0.231196
148.749	-1.663	-0.332601	-1.06392	-0.212784
149.04	-1.95935	-0.391869	-0.980018	-0.196004
149.408	-2.30492	-0.460984	-0.903406	-0.180681
149.873	-2.70774	-0.541548	-0.833329	-0.166666
150.065	-2.86598	-0.573197	-0.809928	-0.161986
150.156	-2.93888	-0.587776	-0.79979	-0.159958
150.425	-3.14902	-0.629804	-0.756035	-0.151207
150.695	-3.3442	-0.668839	-0.690686	-0.138137
151.047	-3.57028	-0.714057	-0.592699	-0.11854
151.484	-3.80336	-0.760672	-0.477279	-0.0954557
152.04	-4.03453	-0.806906	-0.360088	-0.0720176
152.596	-4.21002	-0.842004	-0.275876	-0.0551753
153.209	-4.35801	-0.871603	-0.211068	-0.0422135
153.916	-4.48806	-0.897612	-0.160038	-0.0320077
154.713	-4.59918	-0.919836	-0.121156	-0.0242311
155.637	-4.69605	-0.939211	-0.0906586	-0.0181317
156.718	-4.78008	-0.956016	-0.0662833	-0.0132567
157.994	-4.85115	-0.970229	-0.0462998	-0.00925995
159.504	-4.90756	-0.981512	-0.0292539	-0.00585078
161.293	-4.9455	-0.989099	-0.013725	-0.002745
163.329	-4.95773	-0.991546	0.00152557	0.000305113
165.475	-4.93716	-0.987432	0.0179689	0.00359379
167.621	-4.87767	-0.975535	0.0385981	0.00771962
169.261	-4.79684	-0.959368	0.0615689	0.0123138
170.53	-4.70277	-0.940553	0.0886501	0.01773
171.602	-4.59011	-0.918022	0.124168	0.0248336
172.514	-4.45671	-0.891343	0.171797	0.0343594
173.321	-4.29326	-0.858652	0.238602	0.0477205
173.887	-4.13962	-0.827924	0.308856	0.0617712
174.357	-3.97632	-0.795264	0.389235	0.0778469
174.797	-3.78436	-0.756872	0.48695	0.0973899
175.265	-3.52778	-0.705555	0.612514	0.122503
175.733	-3.21104	-0.642208	0.737609	0.147522
175.855	-3.11912	-0.623825	0.764067	0.152813
175.981	-3.02158	-0.604317	0.786178	0.157236
176.062	-2.95787	-0.591573	0.797066	0.159413
176.2	-2.84606	-0.569213	0.812751	0.16255
176.339	-2.73201	-0.546402	0.829593	0.165919
176.964	-2.185	-0.437	0.927912	0.185582
177.244	-1.9176	-0.38352	0.990637	0.198127
177.515	-1.63841	-0.327682	1.07188	0.214376
177.724	-1.40554	-0.281109	1.15741	0.231482
177.891	-1.20567	-0.241134	1.2498	0.249959
178.022	-1.03468	-0.206936	1.34924	0.269847
178.127	-0.888256	-0.177651	1.45631	0.291261
178.21	-0.762818	-0.152564	1.57158	0.314315
178.276	-0.655309	-0.131062	1.69567	0.339134
178.328	-0.563126	-0.112625	1.82925	0.365851
178.37	-0.484049	-0.0968099	1.97305	0.394611
178.403	-0.416187	-0.0832374	2.12784	0.425568
178.43	-0.357923	-0.0715846	2.29446	0.458893
178.451	-0.307878	-0.0615757	2.47383	0.494765
178.467	-0.264875	-0.052975	2.66692	0.533383
178.481	-0.227906	-0.0455812	2.87481	0.574961
178.491	-0.19611	-0.0392219	3.09866	0.619732
178.5	-0.168748	-0.0337495	3.33977	0.667953
178.507	-0.145189	-0.0290378	3.59953	0.719906
178.512	-0.124891	-0.0249783	3.87952	0.775903
178.517	-0.10739	-0.021478	4.1815	0.836299
178.52	-0.0922852	-0.018457	4.50748	0.901496
178.523	-0.079233	-0.0158466	4.8598	0.97196
178.525	-0.0679362	-0.0135872	5.24125	1.04825
178.527	-0.0581369	-0.0116274	5.65529	1.13106
178.528	-0.0496096	-0.00992191	6.10639	1.22128
178.529	-0.0421531	-0.00843061	6.60075	1.32015
178.53	-0.0355812	-0.00711623	7.14782	1.42956
178.531	-0.0297042	-0.00594083	7.76414	1.55283
178.532	-0.0242726	-0.00485452	8.48715	1.69743
178.533	-0.0185918	-0.00371836	9.47167	1.89433
178.533	-0.0144049	-0.00288098	10.4026	2.08052
178.533	-0.0127541	-0.00255083	10.8264	2.16529
178.533	-0.0100558	-0.00201116	11.587	2.31739
178.534	-0.00700981	-0.00140196	12.5077	2.50154
178.534	-0.00335774	-0.000671549	13.4883	2.69766
178.534	-9.16846e-05	-1.83369e-05	13.8671	2.77343
178.534	0.00198485	0.000396969	13.7289	2.74578
178.534	0.00454419	0.000908838	13.2091	2.64182
178.535	0.00698496	0.00139699	12.5152	2.50304
178.535	0.0104838	0.00209676	11.4614	2.29227
178.535	0.0142407	0.00284814	10.4433	2.08865
178.536	0.0187892	0.00375784	9.43253	1.88651
178.536	0.0247151	0.00494302	8.42133	1.68427
178.537	0.0303179	0.00606359	7.69274	1.53855
178.538	0.0365325	0.0073065	7.06055	1.41211
178.539	0.0436089	0.00872179	6.49511	1.29902
178.54	0.0517619	0.0103524	5.98267	1.19653
178.542	0.0612177	0.0122435	5.51489	1.10298
178.544	0.072231	0.0144462	5.08603	1.01721
178.547	0.0850957	0.0170191	4.69174	0.938349
178.55	0.100155	0.020031	4.32857	0.865715
178.554	0.117812	0.0235624	3.99364	0.798727
178.56	0.138542	0.0277085	3.68447	0.736893
178.567	0.162908	0.0325816	3.3989	0.679781
178.575	0.191574	0.0383149	3.13504	0.627008
178.587	0.225332	0.0450664	2.89116	0.578231
178.601	0.26512	0.0530239	2.66569	0.533138
178.619	0.312054	0.0624108	2.45723	0.491447
178.643	0.367467	0.0734933	2.26449	0.452897
178.673	0.432946	0.0865892	2.08626	0.417252
178.712	0.51039	0.102078	1.92146	0.384292
178.762	0.602071	0.120414	1.76909	0.353817
178.826	0.710713	0.142143	1.62821	0.325641
178.908	0.839583	0.167917	1.49796	0.299592
179.015	0.992614	0.198523	1.37756	0.275513
179.153	1.17454	0.234908	1.26628	0.253256
179.33	1.38945	0.277891	1.16411	0.232822
179.555	1.64014	0.328027	1.07132	0.214264
179.84	1.93267	0.386535	0.986766	0.197353
180.2	2.27382	0.454765	0.909573	0.181915
180.656	2.67149	0.534298	0.838973	0.167795
180.803	2.7934	0.55868	0.820409	0.164082
180.976	2.93358	0.586716	0.800509	0.160102
181.18	3.09414	0.618828	0.7703	0.15406
181.384	3.24701	0.649401	0.725842	0.145168
181.727	3.48026	0.696052	0.633947	0.126789
182.112	3.70339	0.740678	0.527756	0.105551
182.623	3.94127	0.788254	0.406896	0.0813793
183.165	4.13441	0.826883	0.311251	0.0622501
183.74	4.29139	0.858279	0.239297	0.0478593
184.41	4.43107	0.886215	0.181518	0.0363036
185.161	4.54986	0.909972	0.137671	0.0275342
186.022	4.65287	0.930574	0.103616	0.0207232
187.027	4.74252	0.948504	0.0766233	0.0153247
188.208	4.81934	0.963868	0.0547499	0.01095
189.605	4.88233	0.976466	0.0364352	0.00728704
191.259	4.92865	0.98573	0.0202597	0.00405195
193.212	4.95263	0.990526	0.00465041	0.000930082
195.297	4.94595	0.989191	-0.011158	-0.00223159
197.381	4.90452	0.980905	-0.0293077	-0.00586154
199.465	4.81874	0.963747	-0.0549199	-0.010984
200	4.78704	0.957408	-0.0638796	-0.0127759
